6
4
12
9
11
11
9
+4.4740277564594601e-05
+2.3029245519420654e-05
+1.9659567694282004e-05
+5.7431535751296309e-06
-3.3482698174660720e+07
+3.5595682494402958e+04
-4.4423453142670412e+04
+2.0001006383771112e+03
+2.1819646069987798e+03
+6.0280877116481827e+02
+1.6768992049632352e+03
+4.9667852216873469e+05
+2.1819646069890809e+03
-5.8030986116161838e+05
+1.6768992049742535e+03
-5.1770230385391711e+05
+3.4411697579429703e+04
-4.4617091194404064e+04
+2.0001006383720357e+03
+2.1819646070033568e+03
+4.5754270731943997e+05
+2.1819646070231911e+03
-5.8030986116165598e+05
+3.5595682494396213e+04
-4.4423453142676546e+04
+4.9667852216875827e+05
-9.6958146877775583e+06
-5.7211038908331320e+03
+6.7871338798771076e+03
-2.3821628452996310e+02
-2.6685762515734103e+02
-7.1772787367882913e+01
-2.0279468053877673e+02
+5.0070293291102280e+04
-2.6685762515667489e+02
+4.6476974702409345e+04
-2.0279468053998272e+02
+2.1282297529010430e+04
-5.5800643067151832e+03
+6.8129128054790226e+03
-2.3821628452936474e+02
-2.6685762515782409e+02
+5.5629085970866967e+04
-2.6685762515994082e+02
+4.6476974702412903e+04
-5.7211038908324963e+03
+6.7871338798776897e+03
+5.0070293291099857e+04
-3.4064989043083671e+05
-1.7321295514327016e+02
+1.4664305891533354e+02
+4.9947209751382928e+00
+7.4323763220845827e+00
+1.5015236835056682e+00
+4.9341807141597664e+00
-3.2609603281777777e+02
+7.4323763220877650e+00
-1.0038961449322564e+02
+4.9341807141679510e+00
-1.6024189792668872e+02
-1.7617578107348172e+02
+1.4540240784651243e+02
+4.9947209751426191e+00
+7.4323763220802848e+00
-2.3420248027261201e+02
+7.4323763220950374e+00
-1.0038961449323376e+02
-1.7321295514326647e+02
+1.4664305891532661e+02
-3.2609603281778544e+02
-5.7844133579914436e+04
-2.8199611126227790e+01
+2.6783202724871341e+01
-2.7022331848057988e+00
+4.1175466321517975e+00
-8.3262803660390061e-01
+1.2976619582671332e+00
-5.7619455274751679e+01
+4.1175466321519449e+00
-3.3525315411701044e+01
+1.2976619582655720e+00
-3.4399597285951153e+01
-2.6614910707509996e+01
+2.4218466793820539e+01
-2.7022331848078980e+00
+4.1175466321538776e+00
-5.0941684806199120e+01
+4.1175466321514023e+00
-3.3525315411700319e+01
-2.8199611126227577e+01
+2.6783202724871394e+01
-5.7619455274747857e+01
-8.6940374375916872e+03
-1.2282904364742976e+01
+1.2800463975029295e+01
+2.1152634619275137e+00
-2.5026684069253018e+00
+6.1924957996632601e-01
-3.5386765021089989e-01
-1.7173429336908377e+01
-2.5026684069254386e+00
+2.4337777460020027e-01
-3.5386765021065153e-01
-2.7480167052446585e+00
-1.3529311298833035e+01
+1.4499687834728872e+01
+2.1152634619279844e+00
-2.5026684069258103e+00
-1.7705038143349981e+01
-2.5026684069257024e+00
+2.4337777460034180e-01
-1.2282904364742739e+01
+1.2800463975029063e+01
-1.7173429336908949e+01
-2.2194414404800132e+03
-2.3158103004955159e+01
+3.0718833642697405e+01
+9.8541641198003416e-01
-5.5308519874967095e+00
+1.0263511834027499e+00
-2.8070928620566002e+00
-4.1390417727486920e+01
-5.5308519874966304e+00
+1.2418434805176842e+01
-2.8070928620566398e+00
+3.6688308022540368e+00
-2.3078720076165411e+01
+3.2940203586421923e+01
+9.8541641197985952e-01
-5.5308519874964990e+00
-4.8738260867465144e+01
-5.5308519874965016e+00
+1.2418434805176757e+01
-2.3158103004955407e+01
+3.0718833642697643e+01
-4.1390417727486870e+01
-7.9384915431952265e+02
-4.6183796018492922e+00
+7.5339646331214372e+00
-1.9306955808370023e+00
+8.2679141985150584e-01
-1.0640807518998940e+00
-9.8074676197996327e-02
-1.6060732335659520e+01
+8.2679141985146987e-01
+3.7456969384555987e+00
-9.8074676197970903e-02
+2.8511013004345669e+00
-3.9329700608955149e+00
+6.7205244980938383e+00
-1.9306955808369681e+00
+8.2679141985145521e-01
-1.6612045264868843e+01
+8.2679141985146187e-01
+3.7456969384555996e+00
-4.6183796018492140e+00
+7.5339646331213581e+00
-1.6060732335659541e+01
-2.3868955576718048e+02
-2.5013872801588927e-01
+8.5149484440048262e-01
-3.3770932437272605e-01
+2.2499077000722692e-01
-3.3161113821838284e-01
+1.7862902103913453e-01
-3.0735170303895312e+00
+2.2499077000723283e-01
+5.1301952188985833e-01
+1.7862902103912698e-01
+5.8780646391890179e-01
-2.6146578043666507e-01
+8.2398523731080286e-01
-3.3770932437272683e-01
+2.2499077000723267e-01
-2.9644800615745130e+00
+2.2499077000722734e-01
+5.1301952188986288e-01
-2.5013872801590137e-01
+8.5149484440049550e-01
-3.0735170303895227e+00
-5.8500925906600749e+01
-1.9449634717786005e-01
+7.6126421424351595e-02
+9.4658235858576134e-02
+3.8270937157932339e-02
+2.3463486623212470e-02
+3.1785380288755459e-02
-4.0160945614727978e-01
+3.8270937157932103e-02
-3.2543040546921852e-03
+3.1785380288756535e-02
-1.8874401367551621e-03
-2.5630134855673259e-01
+7.2693784913187634e-02
+9.4658235858575759e-02
+3.8270937157931804e-02
-4.0113777163151659e-01
+3.8270937157933747e-02
-3.2543040546929381e-03
-1.9449634717785899e-01
+7.6126421424350457e-02
-4.0160945614728155e-01
-1.7766852074155533e+01
-7.5008169553238191e-02
+4.4790388474907220e-03
+3.2696974585169403e-02
+1.5768582271701405e-03
+3.6494651668585704e-02
+2.5349172761617435e-03
-5.9327592745020793e-02
+1.5768582271700883e-03
-2.0325527889163537e-03
+2.5349172761615492e-03
-1.6387236046520464e-03
-6.9046328846989052e-02
+5.4651692127943218e-03
+3.2696974585169444e-02
+1.5768582271701893e-03
-5.9102893021822908e-02
+1.5768582271697097e-03
-2.0325527889162092e-03
-7.5008169553238302e-02
+4.4790388474910056e-03
-5.9327592745020759e-02
-4.0562259604577218e+00
-8.5057544798429613e-03
+9.9519315070746399e-04
-9.2625874849556783e-04
-1.0397036628092684e-04
-8.7488477416283305e-04
-1.2683085102452033e-04
-8.7435763292208098e-03
-1.0397036628092170e-04
-9.2185983197161448e-05
-1.2683085102450583e-04
-1.0215385966391413e-04
-8.5428493167036910e-03
+9.6510580115006411e-04
-9.2625874849556122e-04
-1.0397036628093284e-04
-8.7602245448627682e-03
-1.0397036628088806e-04
-9.2185983197168035e-05
-8.5057544798429457e-03
+9.9519315070744209e-04
-8.7435763292208098e-03
-7.5916827939453346e-01
-1.0083222837734666e-03
+7.3147716325541441e-05
-2.5632849170593374e-05
-1.0775001628908482e-05
-2.3111261248095588e-05
-7.6971353816438237e-06
-7.8918684539329279e-04
-1.0775001628908889e-05
-1.2291922756775301e-06
-7.6971353816449418e-06
+1.7211361052617466e-07
-1.0066516915013582e-03
+7.5350854436787438e-05
-2.5632849170594252e-05
-1.0775001628907725e-05
-7.8785425772705990e-04
-1.0775001628911557e-05
-1.2291922756787790e-06
-1.0083222837734640e-03
+7.3147716325538080e-05
-7.8918684539328076e-04
-9.2120828351755546e-01
+7.0301779847136954e-04
-3.9341474104634805e-05
-6.0897117668411131e-05
-4.5197663632126439e-05
-2.5999946550676296e-05
-2.0208222413335342e-05
-1.6446933926327713e-04
+8.3551970969416287e-04
-3.6692234919268014e-04
-8.3881256654847364e-05
-1.9748549716154548e-04
-6.9550884466156737e-05
-6.0893767221182447e-05
-4.5194313183387245e-05
+7.3055645689402754e-04
-2.0032220879517819e-05
-6.0893767221154108e-05
-4.5194313183303687e-05
-3.6557047779378068e-04
-8.2529385254421594e-05
+1.4095781435981503e-04
+1.0217007915413979e-03
-3.6557047779291234e-04
-8.2529385254481212e-05
-2.5999946551809203e-05
-2.0208222413536604e-05
-6.0897117667824164e-05
-4.5197663632010518e-05
+7.0301779840040125e-04
-3.9341474104977060e-05
-1.9748549716316427e-04
-6.9550884465077875e-05
-3.6692234919253339e-04
-8.3881256657426058e-05
-1.6446933926301559e-04
+8.3551970965951199e-04
-6.0525876497043889e+00
+4.9208971872101062e-02
+4.9181852898712150e-03
-5.0034876773739504e-03
-3.6798635008039476e-03
-2.1744115150512523e-03
-1.6514186589548288e-03
-1.2471848890539532e-02
-8.0750559785887929e-04
-2.9739330102048440e-02
-6.7409032604829342e-03
-1.5970352804000134e-02
-5.5659103840184302e-03
-5.0032171478471121e-03
-3.6795929711482731e-03
+5.1436349569693202e-02
+6.4845994695477199e-03
-5.0032171478495268e-03
-3.6795929711533862e-03
-2.9631525447493083e-02
-6.6330986060012601e-03
+1.2148199269470191e-02
+1.4132279027409394e-02
-2.9631525447481492e-02
-6.6330986059782871e-03
-2.1744115151418344e-03
-1.6514186589624473e-03
-5.0034876773252810e-03
-3.6798635007859542e-03
+4.9208971869642640e-02
+4.9181852898586131e-03
-1.5970352803970231e-02
-5.5659103839682316e-03
-2.9739330102178593e-02
-6.7409032605862448e-03
-1.2471848890362762e-02
-8.0750560196223801e-04
-3.1236573242123271e+01
-1.3367609897046457e+00
-1.6421226438852396e-01
+1.3597717635837742e-01
+1.0022470269763914e-01
+5.7033343618301306e-02
+4.5086644482952409e-02
+3.8360286427506762e-01
+2.9932982890761090e-01
+8.2022687955093476e-01
+1.9344956804222763e-01
+4.5793527203190160e-01
+1.7145379816103784e-01
+1.3596963628395575e-01
+1.0021716261955699e-01
-1.3992346281912702e+00
-2.0679609744186872e-01
+1.3596963628426345e-01
+1.0021716261985705e-01
+8.1694890376118190e-01
+1.9017159225537536e-01
-3.1111770888605073e-01
-1.3415176910592455e-01
+8.1694890376091400e-01
+1.9017159225532204e-01
+5.7033343620873374e-02
+4.5086644483057076e-02
+1.3597717635699769e-01
+1.0022470269703489e-01
-1.3367609896864585e+00
-1.6421226438830658e-01
+4.5793527203002632e-01
+1.7145379816061290e-01
+8.2022687955517248e-01
+1.9344956804505736e-01
+3.8360286427054113e-01
+2.9932982892678467e-01
-7.3587287831644892e+02
+8.7585485568498118e+00
+2.1441031885230890e+00
-6.9908661733118889e+00
-8.3505342277033385e+00
-5.4823880983016728e+00
-5.9610328326840012e+00
-2.6795311507469481e+01
-3.3992668892264966e+01
-9.1426102932214917e+01
-3.4782872838718347e+01
-4.5697402728776403e+01
-5.8521342239711753e+00
-6.9929519506234596e+00
-8.3526200048369983e+00
+8.9748062469065157e+00
+3.0853315640039591e+00
-6.9929519501408297e+00
-8.3526200048621746e+00
-9.2337050139418878e+01
-3.5693820046028065e+01
-9.6980451934915394e+01
-1.1124998884981213e+02
-9.2337050140034464e+01
-3.5693820046194560e+01
-5.4823880982666084e+00
-5.9610328326861586e+00
-6.9908661732010007e+00
-8.3505342276978229e+00
+8.7585485577441897e+00
+2.1441031885329007e+00
-4.5697402728984116e+01
-5.8521342241093519e+00
-9.1426102932370043e+01
-3.4782872838738292e+01
-2.6795311508491036e+01
-3.3992668892272341e+01
-5.1943767670236693e+03
-2.7881849409453401e+00
-1.3189681972190488e+00
-3.8105165477514469e-01
+7.6322536123727924e-01
-1.1045553872388152e-01
+2.6275787773070014e-01
+2.4998922187623727e+01
+3.2214345724205423e+01
+3.0113970381542206e+01
+2.3878917812282200e+01
+3.2687316882357138e+01
+3.0527375663719550e+01
-3.8118058647154079e-01
+7.6309642951782430e-01
-2.5410319982160594e+00
-1.7138429192482687e+00
-3.8118058646571368e-01
+7.6309642952365364e-01
+2.9914277482361907e+01
+2.3679224913111923e+01
+5.8406138020669909e+00
+1.6301634842622359e+01
+2.9914277482360419e+01
+2.3679224913123118e+01
-1.1045553871151624e-01
+2.6275787773153997e-01
-3.8105165478250685e-01
+7.6322536122933249e-01
-2.7881849408984314e+00
-1.3189681972150540e+00
+3.2687316882347687e+01
+3.0527375663726144e+01
+3.0113970381581499e+01
+2.3878917812317848e+01
+2.4998922187596115e+01
+3.2214345724198793e+01
-2.5444083907460205e+04
+1.5084978076486955e+01
-9.6692482748953690e-01
+3.4375323828206555e-01
+7.7257548919041219e-01
+2.3394015449650277e-01
+3.7891540537284862e-01
+1.5206432584867750e+03
+1.5428071931120110e+03
+1.5310725965320114e+03
+1.5252429112323853e+03
+1.5443027434266389e+03
+1.5413568244510529e+03
+3.4343515363127974e-01
+7.7225740450610991e-01
+1.5033812410893223e+01
-1.2484236956633370e+00
+3.4343515364908367e-01
+7.7225740452422942e-01
+1.5299310625632820e+03
+1.5241013772636193e+03
+1.4808499447423817e+03
+1.5050919909200368e+03
+1.5299310625632863e+03
+1.5241013772636663e+03
+2.3394015451377773e-01
+3.7891540537202956e-01
+3.4375323827962440e-01
+7.7257548916826047e-01
+1.5084978076551193e+01
-9.6692482749015030e-01
+1.5443027434266139e+03
+1.5413568244510648e+03
+1.5310725965320969e+03
+1.5252429112324587e+03
+1.5206432584867466e+03
+1.5428071931119966e+03
-9.5786223714973748e+04
+8.4770238655710219e+00
+2.2358155024931150e+01
+2.3899091520544737e+01
+2.2282710480219677e+01
+2.2327622467435649e+01
+2.1751956164525502e+01
+7.0399183050957305e+04
+7.0233257128112018e+04
+7.3392482901635449e+04
+7.3242725600464895e+04
+7.0385084626057389e+04
+7.0237990142915296e+04
+2.3894163498930055e+01
+2.2277782458853331e+01
+9.9293137760290584e+00
+2.4669788321414170e+01
+2.3894163498716708e+01
+2.2277782458716953e+01
+7.3366844147301119e+04
+7.3217086846130653e+04
+7.6556844546088410e+04
+7.6374442573323089e+04
+7.3366844147300770e+04
+7.3217086846129809e+04
+2.2327622467068686e+01
+2.1751956164491180e+01
+2.3899091520305991e+01
+2.2282710480396702e+01
+8.4770238644985572e+00
+2.2358155024970916e+01
+7.0385084626057782e+04
+7.0237990142915223e+04
+7.3392482901634896e+04
+7.3242725600463891e+04
+7.0399183050958498e+04
+7.0233257128112571e+04
-2.5187915872278871e+05
-9.6040142124434098e+00
-3.9231549089269649e+01
-2.9061223527468265e+01
-2.4985783364488000e+01
-2.7877081126302365e+01
-2.6415584875245592e+01
-9.6013001399613844e+04
-9.5709945228404031e+04
-9.8324629201470452e+04
-9.8149597383628963e+04
-9.5899547239455656e+04
-9.5713178563475507e+04
-2.9039718129429506e+01
-2.4964277969699658e+01
-1.0902679352357692e+01
-4.2694880869633735e+01
-2.9039718129294261e+01
-2.4964277969379669e+01
-9.8199752517947825e+04
-9.8024720700102960e+04
-1.0078737789653432e+05
-1.0045844226619809e+05
-9.8199752517944507e+04
-9.8024720700098755e+04
-2.7877081123898147e+01
-2.6415584875001635e+01
-2.9061223523549380e+01
-2.4985783364949089e+01
-9.6040142074710211e+00
-3.9231549089358218e+01
-9.5899547239457985e+04
-9.5713178563475347e+04
-9.8324629201472024e+04
-9.8149597383624947e+04
-9.6013001399621484e+04
-9.5709945228407858e+04
+1.8022694258823665e+05
+1.9782059139734978e+05
+3.1408803300317065e+00
+1.6679448282719033e+01
+8.2208633360004093e+00
+5.3796296258249861e+00
+4.7077110886638209e+00
+4.4534005625388069e+00
+3.5797564110505746e+00
+4.3394984182667251e+00
+4.7288769102012900e+00
+4.5588634493473368e+00
+4.3270073011595374e+00
+4.5063956580444078e+00
+1.1849756976798693e+04
+2.9123422944543297e+04
+1.1786205678045229e+04
+2.9098492233817731e+04
+1.1643486768936866e+04
+3.0439855875337882e+04
+1.1616818762067696e+04
+3.0410528265049044e+04
+1.1818486106579703e+04
+2.9131916695903394e+04
+1.1786338752283360e+04
+2.9101405775835712e+04
+4.7011280785894174e+00
+4.4517996834050830e+00
+3.5731734019385053e+00
+4.3378975382439036e+00
+3.3418344664466142e+00
+1.7296852794462776e+01
+9.0238116266371549e+00
+6.0459437950142103e+00
+4.7011280786073995e+00
+4.4517996834666151e+00
+3.5731734018506054e+00
+4.3378975381946612e+00
+1.1599461979189808e+04
+3.0431828598418237e+04
+1.1572793972319692e+04
+3.0402500988130632e+04
+1.1424831006837823e+04
+3.1789866682498501e+04
+1.1355118108279044e+04
+3.1760338002817014e+04
+1.1599461979188711e+04
+3.0431828598418670e+04
+1.1572793972318332e+04
+3.0402500988131032e+04
+4.7288769093206868e+00
+4.5588634499030887e+00
+4.3270073010780372e+00
+4.5063956580917726e+00
+4.7077110874760439e+00
+4.4534005637464311e+00
+3.5797564111890932e+00
+4.3394984182963077e+00
+3.1408803285170022e+00
+1.6679448283638735e+01
+8.2208633360347054e+00
+5.3796296258390344e+00
+1.1818486106580574e+04
+2.9131916695902921e+04
+1.1786338752283245e+04
+2.9101405775835672e+04
+1.1643486768937337e+04
+3.0439855875336583e+04
+1.1616818762066488e+04
+3.0410528265049183e+04
+1.1849756976801027e+04
+2.9123422944541679e+04
+1.1786205678046364e+04
+2.9098492233817149e+04
-4.3878482594250107e-01
+1.8795837162507471e-04
-5.5248237619464229e-05
-1.2614825770882395e-05
-9.2747358185462723e-06
-5.4679563432117376e-06
-4.1659149395640378e-06
-3.8904047113417299e-05
+5.6853913169440068e-04
-7.5413305429185406e-05
-1.7450723390794685e-05
-4.0724171690653656e-05
-1.4458690366003865e-05
-1.2614139357563359e-05
-9.2740494049108701e-06
+1.9359099729695476e-04
-5.1302389143060065e-05
-1.2614139357554047e-05
-9.2740494048818084e-06
-7.5135227319284955e-05
-1.7172645280435030e-05
+2.3677235070010749e-05
+6.0675779860255180e-04
-7.5135227319299565e-05
-1.7172645280494641e-05
-5.4679563434548801e-06
-4.1659149396090238e-06
-1.2614825770768213e-05
-9.2747358185192587e-06
+1.8795837160647951e-04
-5.5248237619552104e-05
-4.0724171691062360e-05
-1.4458690365669490e-05
-7.5413305429077284e-05
-1.7450723391272713e-05
-3.8904047113817119e-05
+5.6853913171974130e-04
-1.9889544727438304e+00
+4.0862269157818810e-03
+2.6115108222795729e-04
-3.9174859978529584e-04
-2.9301248833887926e-04
-1.6533798685219276e-04
-1.3055879387595425e-04
-1.0041557109689023e-03
+1.0840272531057625e-03
-2.3755352805029176e-03
-5.3757187311095304e-04
-1.2738149266710828e-03
-4.4463871381037286e-04
-3.9172687185663491e-04
-2.9299076040039074e-04
+4.2650754440473320e-03
+3.8671968364431981e-04
-3.9172687185633806e-04
-2.9299076040015091e-04
-2.3668237306611302e-03
-5.2886032326593423e-04
+9.7524285530466214e-04
+2.2877238124794940e-03
-2.3668237306586340e-03
-5.2886032326344686e-04
-1.6533798685932675e-04
-1.3055879387697186e-04
-3.9174859978126055e-04
-2.9301248833795172e-04
+4.0862269154530945e-03
+2.6115108222633717e-04
-1.2738149266760587e-03
-4.4463871380322158e-04
-2.3755352805087831e-03
-5.3757187311970255e-04
-1.0041557109571537e-03
+1.0840272525454689e-03
-7.1575353880986157e+00
-1.0878413564662230e-01
-1.2092131589267464e-02
+1.1030376971515841e-02
+8.1740884154093505e-03
+4.7319532488817274e-03
+3.6562354659574461e-03
+2.7513254452076828e-02
+1.1000365186713962e-02
+6.6090570732581400e-02
+1.4919929266878412e-02
+3.5437440795320234e-02
+1.2319389251477641e-02
+1.1029774068279981e-02
+8.1734855118839288e-03
-1.1375065747403822e-01
-1.5582404168098002e-02
+1.1029774068288135e-02
+8.1734855118977476e-03
+6.5850076284472078e-02
+1.4679434818949967e-02
-2.7360943190950789e-02
-2.2307838415620198e-02
+6.5850076284449138e-02
+1.4679434818905608e-02
+4.7319532490849832e-03
+3.6562354659727282e-03
+1.1030376971408015e-02
+8.1740884153674118e-03
-1.0878413564164811e-01
-1.2092131589240929e-02
+3.5437440795236280e-02
+1.2319389251375905e-02
+6.6090570732881715e-02
+1.4919929267108722e-02
+2.7513254451685582e-02
+1.1000365194612160e-02
-2.4997524793679428e+01
+5.4554468815613666e-01
+6.5212977571169534e-02
-5.5532848914295038e-02
-4.1068751889286666e-02
-2.3408977483908015e-02
-1.8477970958198902e-02
-1.5282475705131304e-01
-1.0473784018136546e-01
-3.3565150811623162e-01
-7.8645506072396010e-02
-1.8568099728948301e-01
-6.8318573314967795e-02
-5.5529785167086135e-02
-4.1065688140578184e-02
+5.7093538886125506e-01
+8.2655731646013503e-02
-5.5529785167205740e-02
-4.1065688140699247e-02
-3.3435372761946297e-01
-7.7347725576794882e-02
+1.2835392364760129e-01
+6.9235328479029010e-02
-3.3435372761935617e-01
-7.7347725576753373e-02
-2.3408977484960677e-02
-1.8477970958241417e-02
-5.5532848913738352e-02
-4.1068751889040640e-02
+5.4554468814691559e-01
+6.5212977571076289e-02
-1.8568099728873599e-01
-6.8318573314759046e-02
-3.3565150811794547e-01
-7.8645506073549656e-02
-1.5282475704945175e-01
-1.0473784019129259e-01
-8.6814494944359396e+01
-1.6293640596120076e+00
-2.3035469924142590e-01
+1.9301657346463411e-01
+1.2206453031502618e-01
+9.3341923516212830e-02
+5.7703739762899255e-02
+5.1916293032988980e-01
+6.4556837534213474e-01
+9.4146470684217376e-01
+2.0523821206999976e-01
+5.6360481331090351e-01
+2.1708228364830878e-01
+1.9300709820162276e-01
+1.2205505504776057e-01
-1.7071575041813263e+00
-2.7984726720190700e-01
+1.9300709820200304e-01
+1.2205505504811229e-01
+9.3645093676272184e-01
+2.0022444199413109e-01
-3.8081320203062646e-01
+4.4021937554283068e-02
+9.3645093676235625e-01
+2.0022444199432349e-01
+9.3341923519207559e-02
+5.7703739763034320e-02
+1.9301657346286716e-01
+1.2206453031429614e-01
-1.6293640596018171e+00
-2.3035469924115620e-01
+5.6360481330860623e-01
+2.1708228364808640e-01
+9.4146470684750216e-01
+2.0523821207350884e-01
+5.1916293032459249e-01
+6.4556837535233857e-01
-3.2122315969676021e+02
+6.2067918448899047e+00
+5.3297984632653728e-01
-5.5961913819143305e-01
-3.3065736178517413e-01
-2.1151362995050665e-01
-1.4167449655242662e-01
-3.5637786036395762e+00
-1.4207494826226679e+00
-2.9673972726260618e+00
-1.0059627932676989e+00
-2.1642586687866432e+00
-1.2918810825150946e+00
-5.5958515818846877e-01
-3.3062338176937200e-01
+6.4901489991884942e+00
+6.8136500342958684e-01
-5.5958515818935428e-01
-3.3062338177055384e-01
-2.9406721892914129e+00
-9.7923770994451886e-01
+4.6985215896114603e-02
+1.3454549409772205e+00
-2.9406721892904439e+00
-9.7923770994621839e-01
-2.1151362995942521e-01
-1.4167449655279762e-01
-5.5961913818483100e-01
-3.3065736178260796e-01
+6.2067918448628250e+00
+5.3297984632511686e-01
-2.1642586687801506e+00
-1.2918810825153930e+00
-2.9673972726449525e+00
-1.0059627932800848e+00
-3.5637786036232910e+00
-1.4207494826392082e+00
-5.9091175920979094e+02
+2.5034873183021276e+02
+2.0786764999202067e+01
-2.8343870513510524e+01
-1.3326018361756551e+01
-1.2681835831159081e+01
-7.1249016223487942e+00
-1.6005875234270096e+02
-6.8028724313362886e+01
-9.6222315523153569e+01
-2.2889255334058799e+01
-8.2094698824859861e+01
-4.0280129510354399e+01
-2.8342783101968212e+01
-1.3324930949746342e+01
+2.6290569223665204e+02
+2.5430534022666684e+01
-2.8342783101933758e+01
-1.3324930949796968e+01
-9.5053303247981631e+01
-2.1720243059316296e+01
-2.4388730822113537e+01
+4.4886031378051364e+01
-9.5053303248040933e+01
-2.1720243059396257e+01
-1.2681835831465241e+01
-7.1249016223668660e+00
-2.8343870513242759e+01
-1.3326018361663230e+01
+2.5034873182943304e+02
+2.0786764999141241e+01
-8.2094698824677124e+01
-4.0280129510413275e+01
-9.6222315523897890e+01
-2.2889255334534070e+01
-1.6005875234224490e+02
-6.8028724313788629e+01
-1.7265780826085780e+05
-5.2908259250600815e+02
+5.4422730225493683e+02
-2.2133188001032482e+02
-2.3387993747412082e+02
-2.2217971922908427e+02
-2.2671995769126090e+02
+1.6114579861471761e+03
-3.0869184202442352e+03
+3.5663678140684547e+03
+5.1278528834699946e+03
-8.3443393773276512e+03
-6.8211278500981343e+03
-2.2120981935021780e+02
-2.3375787664756936e+02
-5.5307507438274456e+02
+5.2727799291995359e+02
-2.2120981916120712e+02
-2.3375787665065192e+02
+3.0584292239739184e+03
+4.6199142932110035e+03
-1.5374528775889570e+04
-1.9949841932796178e+04
+3.0584292237667046e+03
+4.6199142931954602e+03
-2.2217971915413625e+02
-2.2671995769232896e+02
-2.2133188007904769e+02
-2.3387993747349969e+02
-5.2908259219554793e+02
+5.4422730225478870e+02
-8.3443393774096039e+03
-6.8211278500966300e+03
+3.5663678141175760e+03
+5.1278528834500576e+03
+1.6114579858454981e+03
-3.0869184202266028e+03
+1.0647916943003188e+06
+1.2674032750330877e+05
+4.1611919353843850e+03
+1.8997059614079299e+04
-6.4628213735522820e+01
+1.8777659957453650e+03
+1.0619032198937101e+02
+4.8117020408022387e+02
+1.1497751892417213e+02
+5.6373480886904520e+02
-1.0816889672981853e+02
-2.8211458805221146e+03
-1.0341734588497074e+02
-2.7773472832999983e+03
+1.4000845786794866e+05
-7.8534844025930185e+06
+1.4461017443634901e+05
-7.8493674889637763e+06
-7.8503875295120133e+03
-5.2335263251547251e+04
-8.6157591649101396e+03
-5.6088084431732066e+04
-1.5103158002834604e+05
+7.7820474978355747e+06
-1.5029215784771243e+05
+7.8009573216268234e+06
+1.0626690269469886e+02
+4.8286015078963703e+02
+1.1505409938384743e+02
+5.6542475451172311e+02
+3.9712413707108572e+03
+1.5886141946146792e+04
-2.5768335605692153e+02
-1.2625552136096114e+03
+1.0626690259310152e+02
+4.8286015052749889e+02
+1.1505409938092497e+02
+5.6542475448535038e+02
-7.6828553481057370e+03
-5.2575667615016253e+04
-8.4482269832541660e+03
-5.6328488794098848e+04
+8.0980637473693173e+02
-1.7545555152668367e+04
+6.7482108992052817e+03
+7.9102020277560523e+03
-7.6828553480414948e+03
-5.2575667615007384e+04
-8.4482269832887996e+03
-5.6328488794338031e+04
-1.0816889672356396e+02
-2.8211458804242416e+03
-1.0341734588579344e+02
-2.7773472832988509e+03
+1.0619032220427451e+02
+4.8117020502867570e+02
+1.1497751892285501e+02
+5.6373480885457275e+02
+4.1611919356282015e+03
+1.8997059615247177e+04
-6.4628213731437540e+01
+1.8777659957745332e+03
-1.5103158002837261e+05
+7.7820474978353055e+06
-1.5029215784771176e+05
+7.8009573216267647e+06
-7.8503875297789364e+03
-5.2335263252791738e+04
-8.6157591649498063e+03
-5.6088084431940311e+04
+1.4000845786773105e+05
-7.8534844025940578e+06
+1.4461017443638024e+05
-7.8493674889636021e+06
+8.7327504131230107e+05
+8.9151785474062932e+05
-2.7516633564120839e+03
+5.8793566925407151e+02
-1.4453528793473669e+02
-1.1947572454227651e+02
-2.1500389063623512e+01
-6.4090720656426939e+01
-3.0374111111296880e+01
-6.8550625588571137e+01
+2.0264039599101898e+02
+2.1956759549028291e+02
+1.9788584279631868e+02
+2.1707389932986618e+02
-7.9698002284779359e+04
+1.3354666920984217e+06
-8.1288002450267741e+04
+1.3370065341738316e+06
+6.3768164273736566e+03
+2.1284622548165225e+03
+6.5822181183526482e+03
+2.5835978476285422e+03
+9.0315862315719860e+04
-1.3331333900579831e+06
+8.8946104110380009e+04
-1.3346079183528500e+06
-2.1624049644026016e+01
-6.4197880324649915e+01
-3.0497771563930808e+01
-6.8657785259185943e+01
-2.5428025391092974e+03
+8.5506553024510947e+02
+6.7399693085413531e+01
+1.4914208728203158e+02
-2.1624049636575407e+01
-6.4197880345736920e+01
-3.0497771560166040e+01
-6.8657785258018933e+01
+6.4345606658505212e+03
+2.0568821701515230e+03
+6.6399623566976597e+03
+2.5120177629653299e+03
+3.0897660369355754e+03
-7.2016766594736077e+02
+3.2834483179949579e+01
-9.9773273959411745e+02
+6.4345606658830648e+03
+2.0568821701815718e+03
+6.6399623567346325e+03
+2.5120177629740583e+03
+2.0264039594729419e+02
+2.1956759548439373e+02
+1.9788584279706257e+02
+2.1707389932873832e+02
-2.1500389192210157e+01
-6.4090720649365764e+01
-3.0374111110163284e+01
-6.8550625587303060e+01
-2.7516633566545156e+03
+5.8793566932122474e+02
-1.4453528793830230e+02
-1.1947572454356808e+02
+9.0315862315785169e+04
-1.3331333900579675e+06
+8.8946104110380751e+04
-1.3346079183528412e+06
+6.3768164275546633e+03
+2.1284622548154775e+03
+6.5822181183944467e+03
+2.5835978476307864e+03
-7.9698002284563277e+04
+1.3354666920983535e+06
-8.1288002450300424e+04
+1.3370065341738292e+06
+7.4344961254025553e+05
+1.7120638801366142e+06
-5.7097933024043402e+02
-5.6572233509558112e+02
-2.0868992430019834e+01
-2.8128656301745254e+00
+2.1068621530870100e+01
-1.5597775388276180e+01
+2.1100959320667144e+01
-1.7232353139916736e+01
-7.6907760703524826e+00
+3.0017511642959878e+01
-7.6203989263922356e+00
+2.9116761728438366e+01
-6.1595918320048986e+04
-1.3965204172305213e+05
-6.2010809580658475e+04
-1.4018605608479833e+05
-5.7490126615021154e+01
+1.6149438578948311e+03
-1.9701486165241602e+02
+1.7294311229070015e+03
+6.2511679320535703e+04
+1.4141440831643200e+05
+6.2564533579221104e+04
+1.4121147329311780e+05
+2.1071602694064165e+01
-1.5622483979707088e+01
+2.1103940500138627e+01
-1.7257061717440884e+01
-5.9673568633633033e+02
-5.2449721622043728e+02
-4.6605401036417391e+01
+3.8966331560064276e+01
+2.1071602706675350e+01
-1.5622483971797910e+01
+2.1103940500303871e+01
-1.7257061716659940e+01
-3.4591016644245173e+01
+1.5965591974954716e+03
-1.7411575169778803e+02
+1.7110464624928397e+03
+1.0139797253425103e+03
-2.9074780271406252e+02
+7.7177310068293878e+02
-1.1119795916918852e+03
-3.4591016657481248e+01
+1.5965591974947893e+03
-1.7411575169786988e+02
+1.7110464624995791e+03
-7.6907760685155635e+00
+3.0017511629788199e+01
-7.6203989259362981e+00
+2.9116761728682576e+01
+2.1068621513862837e+01
-1.5597775405076284e+01
+2.1100959320452851e+01
-1.7232353139626266e+01
-5.7097933029137630e+02
-5.6572233512683852e+02
-2.0868992430146179e+01
-2.8128656308961277e+00
+6.2511679320533112e+04
+1.4141440831644871e+05
+6.2564533579219962e+04
+1.4121147329311748e+05
-5.7490126595132516e+01
+1.6149438579212833e+03
-1.9701486164966514e+02
+1.7294311229145769e+03
-6.1595918320001147e+04
-1.3965204172302622e+05
-6.2010809580662841e+04
-1.4018605608480395e+05
-5.2109848845593998e-01
-3.2412356495102449e-04
+6.4281043723100908e-05
+2.4192064371451049e-05
+1.7908185146217505e-05
+1.0367139515369847e-05
+8.0172461734586469e-06
+7.0360842135126929e-05
-7.4150975168311918e-04
+1.4556318038351425e-04
+3.3480000243551813e-05
+7.8435465475259144e-05
+2.7731389930809324e-05
+2.4190735742264053e-05
+1.7906856516423265e-05
-3.3503058890261146e-04
+5.6639139061330631e-05
+2.4190735742246936e-05
+1.7906856516369902e-05
+1.4502532415872275e-04
+3.2942144017877801e-05
-5.0773520126441154e-05
-8.1545939516067169e-04
+1.4502532415869919e-04
+3.2942144017961914e-05
+1.0367139515834421e-05
+8.0172461735435552e-06
+2.4192064371228699e-05
+1.7908185146168391e-05
-3.2412356491668830e-04
+6.4281043723261817e-05
+7.8435465476046288e-05
+2.7731389930158030e-05
+1.4556318038335631e-04
+3.3480000244433459e-05
+7.0360842135743325e-05
-7.4150975171635052e-04
-2.5227263126564790e+00
-4.3745643973474363e-03
-4.4068587619789675e-04
+4.2625283572010083e-04
+3.2213533719384498e-04
+1.7679027131741072e-04
+1.4289147196511130e-04
+1.0796851584976605e-03
+6.9051510822930505e-05
+2.6118255669113958e-03
+5.8674771592857639e-04
+1.3958887281306279e-03
+4.8420916805209089e-04
+4.2622887024719425e-04
+3.2211137171001165e-04
-4.5719507883148396e-03
-5.7930082989559825e-04
+4.2622887024693334e-04
+3.2211137170989277e-04
+2.6022371954658131e-03
+5.7715934448240435e-04
-1.1029505823383352e-03
-1.2572428394091789e-03
+2.6022371954633810e-03
+5.7715934447947852e-04
+1.7679027132526203e-04
+1.4289147196613216e-04
+4.2625283571564785e-04
+3.2213533719271199e-04
-4.3745643970197912e-03
-4.4068587619629679e-04
+1.3958887281338619e-03
+4.8420916804509985e-04
+2.6118255669193603e-03
+5.8674771593787483e-04
+1.0796851584830602e-03
+6.9051511413479409e-05
-9.9178010883242020e+00
+1.8255877643128940e-01
+2.1514679525660541e-02
-1.8607355917238572e-02
-1.3782486352614570e-02
-7.9731529589113209e-03
-6.1666995186585340e-03
-4.6612649920212974e-02
-2.8190816419989221e-02
-1.1146131796328125e-01
-2.5189624866616220e-02
-5.9887785442127188e-02
-2.0887736843740661e-02
-1.8606338118961743e-02
-1.3781468553841901e-02
+1.9094540626528719e-01
+2.7398097098572709e-02
-1.8606338118984267e-02
-1.3781468553872087e-02
-1.1105321020021761e-01
-2.4781517103896918e-02
+4.6081795585451751e-02
+2.8165451142344079e-02
-1.1105321020018280e-01
-2.4781517103842434e-02
-7.9731529592586836e-03
-6.1666995186792917e-03
-1.8607355917057582e-02
-1.3782486352538757e-02
+1.8255877642450871e-01
+2.1514679525620035e-02
-5.9887785441941149e-02
-2.0887736843600593e-02
-1.1146131796381376e-01
-2.5189624867004209e-02
-4.6612649919564222e-02
-2.8190816429610650e-02
-3.7243836504084555e+01
+1.0234615314484767e+00
+1.2151031519529655e-01
-1.0248630758354661e-01
-7.6230450701201588e-02
-4.1747019192867087e-02
-3.4285043299732677e-02
-3.0860381183093638e-01
-2.1200502136139246e-01
-6.3038965311199946e-01
-1.5270637884028704e-01
-3.5756568182192316e-01
-1.3807378580636548e-01
-1.0248053632936652e-01
-7.6224679444244200e-02
+1.0717013331625016e+00
+1.5390985714818209e-01
-1.0248053632960653e-01
-7.6224679444473004e-02
-6.2781781287037897e-01
-1.5013453860089565e-01
+2.2520047809270821e-01
+1.2374585928637727e-01
-6.2781781287017113e-01
-1.5013453860088022e-01
-4.1747019194820059e-02
-3.4285043299813599e-02
-1.0248630758248570e-01
-7.6230450700741526e-02
+1.0234615314367732e+00
+1.2151031519513604e-01
-3.5756568182047366e-01
-1.3807378580608554e-01
-6.3038965311525330e-01
-1.5270637884244598e-01
-3.0860381182750729e-01
-2.1200502137371055e-01
-1.3492671421330189e+02
-5.8251564465918273e+00
-7.8683985736903961e-01
+6.9963464642434292e-01
+4.2860983144318204e-01
+3.3740725515919978e-01
+2.0880487970521674e-01
+2.1557820511478081e+00
+2.3274532228361755e+00
+3.3070548871676078e+00
+7.4304148322193453e-01
+2.1343755372867190e+00
+8.7950106583615861e-01
+6.9960053678114675e-01
+4.2857572178546505e-01
-6.1085121123172659e+00
-9.5517343114609099e-01
+6.9960053678242518e-01
+4.2857572178668590e-01
+3.2867193132731178e+00
+7.2270590933991607e-01
-1.1482826690168040e+00
+1.9617956140038435e-02
+3.2867193132717722e+00
+7.2270590934109236e-01
+3.3740725516939207e-01
+2.0880487970566144e-01
+6.9963464641794970e-01
+4.2860983144057385e-01
-5.8251564465600074e+00
-7.8683985736793738e-01
+2.1343755372789111e+00
+8.7950106583567667e-01
+3.3070548871866343e+00
+7.4304148323453900e-01
+2.1557820511295942e+00
+2.3274532228638471e+00
-5.4825194067837265e+02
-1.7891440862768064e+02
-1.5486680555616990e+01
+2.0062829361750126e+01
+9.6396523912192809e+00
+8.8551992009921534e+00
+5.0475573088973613e+00
+1.1141133635209297e+02
+5.0465650036263618e+01
+7.0972152490467693e+01
+1.7495993947144861e+01
+6.0224866183639300e+01
+3.0473986400906043e+01
+2.0061973786132530e+01
+9.6387968152635395e+00
-1.8792415636624881e+02
-1.8959194899198632e+01
+2.0061973786124359e+01
+9.6387968152991821e+00
+7.0118090496750852e+01
+1.6641931953738023e+01
+1.1265823708942065e+01
-3.2288324273890211e+01
+7.0118090496771288e+01
+1.6641931953791531e+01
+8.8551992012185892e+00
+5.0475573089098988e+00
+2.0062829361558958e+01
+9.6396523911510688e+00
-1.7891440862707159e+02
-1.5486680555573075e+01
+6.0224866183496196e+01
+3.0473986400940984e+01
+7.0972152491003357e+01
+1.7495993947489325e+01
+1.1141133635172356e+02
+5.0465650036590453e+01
-7.2608137735192008e+02
-1.0306418261074826e+02
-9.1679171725860620e+00
+1.8039463758567894e+01
+1.3112194155361792e+01
+1.0497139811755854e+01
+8.6666633178827830e+00
+8.9722396114221326e+01
+5.6089495152883963e+01
+1.2183510828318570e+02
+3.9894062234056825e+01
+7.2979159055257952e+01
+1.7450944112824587e+01
+1.8041215025415909e+01
+1.3113945421864305e+01
-1.0811539356117430e+02
-1.1611539413376954e+01
+1.8041215024905618e+01
+1.3113945421908884e+01
+1.2231694744298348e+02
+4.0375901394115445e+01
+1.1265273796227069e+02
+9.2685600171718391e+01
+1.2231694744364167e+02
+4.0375901394314468e+01
+1.0497139811825617e+01
+8.6666633178922581e+00
+1.8039463758358472e+01
+1.3112194155323394e+01
-1.0306418261140595e+02
-9.1679171725736452e+00
+7.2979159055410719e+01
+1.7450944112992676e+01
+1.2183510828361214e+02
+3.9894062234248352e+01
+8.9722396115115387e+01
+5.6089495153021147e+01
-1.7697819949659193e+05
+1.2576400244997667e+03
-7.4069966932396596e+02
+3.2193211013433364e+02
+3.4840223182213390e+02
+2.1388027477331855e+02
+2.2376372196336564e+02
+1.5364103456075347e+03
+8.4653001865891147e+03
-9.4974876095684067e+03
-1.1827006116996681e+04
+1.0439458061776029e+04
+8.9230564015546861e+03
+3.2183369290745588e+02
+3.4830381427813194e+02
+1.1859804729372847e+03
-8.2676292015770423e+02
+3.2183369255530744e+02
+3.4830381428343890e+02
-8.5232499718214040e+03
-1.0852768478935173e+04
+3.3576986447952077e+04
+4.1061549445521232e+04
-8.5232499714380156e+03
-1.0852768478909155e+04
+2.1388027463214507e+02
+2.2376372196553194e+02
+3.2193211026916606e+02
+3.4840223182063642e+02
+1.2576400239258462e+03
-7.4069966932325883e+02
+1.0439458061926742e+04
+8.9230564015491818e+03
-9.4974876096673179e+03
-1.1827006116958943e+04
+1.5364103461639438e+03
+8.4653001865563292e+03
-1.0970621725938804e+06
-9.8003510818018422e+03
+8.8882902213946818e+03
-4.4985076380410046e+03
-4.5017068847201199e+03
-2.6315447504523177e+03
-2.6355702220137418e+03
+8.2644601538674999e+05
+7.4867229626952880e+05
-1.5033766289702482e+06
-1.4736245078209410e+06
+7.2233461041960982e+05
+7.3999789423186611e+05
-4.4975426567827371e+03
-4.5007419004331059e+03
-8.4643007368099334e+03
+1.0229002732010216e+04
-4.4975426535618371e+03
-4.5007419004825624e+03
-1.5104852649761897e+06
-1.4807331438298684e+06
+2.7370090759899616e+06
+2.6506161427714932e+06
-1.5104852649796891e+06
-1.4807331438301159e+06
-2.6315447492235080e+03
-2.6355702220353178e+03
-4.4985076397102985e+03
-4.5017068847020291e+03
-9.8003510769671848e+03
+8.8882902213857615e+03
+7.2233461041828291e+05
+7.3999789423191128e+05
-1.5033766289689112e+06
-1.4736245078212961e+06
+8.2644601538206812e+05
+7.4867229626982135e+05
+1.1650002863994769e+06
+1.0215196352427838e+06
+4.1532984847685311e+03
-4.0171955379363312e+03
-3.4008219457041105e+03
+3.3407716670379518e+03
+1.7077253768238968e+03
-1.7466210844100469e+03
+1.7054231694564719e+03
-1.7333111641160554e+03
+1.0414226112977997e+03
-9.4927530317184221e+02
+1.0412939920790157e+03
-9.4594933219331801e+02
-4.6072884755058761e+05
+2.5565432780490888e+05
-4.3055987003129168e+05
+2.2610413035286724e+05
+8.4836328490233188e+05
-4.6679854695957410e+05
+8.3709219784183917e+05
-4.5536179904129921e+05
-4.1980158303613064e+05
+2.1521902384026832e+05
-4.2678997130101948e+05
+2.2153431525213976e+05
+1.7073327944631503e+03
-1.7463012189793044e+03
+1.7050305858313411e+03
-1.7329912976929575e+03
+3.6854572927427007e+03
-3.4308342938978794e+03
-3.8689650608644470e+03
+3.9206481750567605e+03
+1.7073327930785883e+03
-1.7463012180119381e+03
+1.7050305858524368e+03
-1.7329912977079066e+03
+8.5209546129522414e+05
-4.6689002038986818e+05
+8.4082437423598359e+05
-4.5545327247256372e+05
-1.5546381427898637e+06
+8.7312346118799376e+05
-1.5214805469266421e+06
+8.3982014789509308e+05
+8.5209546129672672e+05
-4.6689002039091720e+05
+8.4082437423608487e+05
-4.5545327247264312e+05
+1.0414226107211439e+03
-9.4927530284885745e+02
+1.0412939920875403e+03
-9.4594933220081941e+02
+1.7077253773920499e+03
-1.7466210851613787e+03
+1.7054231694496127e+03
-1.7333111641087160e+03
+4.1532984826021102e+03
-4.0171955366778175e+03
-3.4008219457008136e+03
+3.3407716670339937e+03
-4.1980158303551580e+05
+2.1521902383991212e+05
-4.2678997130103863e+05
+2.2153431525215384e+05
+8.4836328490190196e+05
-4.6679854695892549e+05
+8.3709219784198585e+05
-4.5536179904141300e+05
-4.6072884754848602e+05
+2.5565432780369793e+05
-4.3055987003141228e+05
+2.2610413035295904e+05
+1.0957052962787924e+06
+2.1201201009807289e+06
+4.9094795885648028e+02
+1.5552687198752794e+03
-3.5240295345776229e+02
-8.8446737641108473e+02
+1.9577424968370946e+02
+4.5256537537308520e+02
+1.9437422564225304e+02
+4.4916062525116655e+02
+8.1221216281747402e+01
+2.6724591806294097e+02
+8.1080894888377742e+01
+2.6622779654577261e+02
+5.3290317836345544e+04
-8.4454743808023879e+04
+5.6469687830594521e+04
-7.6135522442592977e+04
-1.0275929049903549e+05
+1.5613576988911518e+05
-1.0404007236264991e+05
+1.5317036276067438e+05
+5.7432976334551786e+04
-7.2685035111836987e+04
+5.6898814958671770e+04
-7.4468648296074694e+04
+1.9575483230101821e+02
+4.5246835861336353e+02
+1.9435480820597300e+02
+4.4906360815672991e+02
+4.0181898595717291e+02
+1.4230760834233815e+03
-4.4062993901419367e+02
-1.0151973407026568e+03
+1.9575483229550281e+02
+4.5246835828380603e+02
+1.9435480820639532e+02
+4.4906360816195530e+02
-1.0343086720592501e+05
+1.5627050151648221e+05
-1.0471164906949164e+05
+1.5330509438837258e+05
+1.8888216449700322e+05
-2.9066611098054354e+05
+1.9264295682625932e+05
-2.8150948852041381e+05
-1.0343086720591916e+05
+1.5627050151683902e+05
-1.0471164906948736e+05
+1.5330509438839692e+05
+8.1221216311190247e+01
+2.6724591791958284e+02
+8.1080894889023881e+01
+2.6622779654791168e+02
+1.9577424982833119e+02
+4.5256537555079888e+02
+1.9437422564135233e+02
+4.4916062524906391e+02
+4.9094795893718640e+02
+1.5552687193999052e+03
-3.5240295345709882e+02
-8.8446737640995696e+02
+5.7432976334525832e+04
-7.2685035111684527e+04
+5.6898814958670417e+04
-7.4468648296079584e+04
-1.0275929049917705e+05
+1.5613576988897007e+05
-1.0404007236264455e+05
+1.5317036276071056e+05
+5.3290317836263712e+04
-8.4454743807564941e+04
+5.6469687830591298e+04
-7.6135522442621805e+04
-8.4295291412786379e+07
+7.2940482639526799e+07
-8.3071052568736322e+03
+4.4862669677506592e+03
+4.5203596438169925e+03
+1.7939164262371019e+03
+1.8173946511316849e+03
-7.2993457368431196e+07
+1.0248246852890323e+04
+3.2930401392810745e+04
+3.0430749839352384e+03
+6.3868282991705009e+03
-5.6390984084022530e+03
+4.4870765176199138e+03
+4.5211691934055161e+03
+7.2938428619863242e+07
-1.0371546826874312e+04
+4.4870765183744625e+03
+4.5211691933869170e+03
+3.2938866803317360e+04
+3.0515403947183586e+03
-7.3015102673254609e+07
+2.2546032916954809e+03
+3.2938866802520490e+04
+3.0515403946904576e+03
+1.7939164256319496e+03
+1.8173946511410534e+03
+4.4862669685041037e+03
+4.5203596438023560e+03
+7.2940482639527798e+07
-8.3071052568593750e+03
+6.3868282997639235e+03
-5.6390984084270276e+03
+3.2930401392038206e+04
+3.0430749839544947e+03
-7.2993457368432179e+07
+1.0248246852881799e+04
-3.3773307835624763e+06
+2.9462002736335603e+05
+8.5914078539430784e+02
-4.6087608737031906e+02
-4.6464784709284311e+02
-1.8532691650606759e+02
-1.8783314455196458e+02
-2.8913113964607840e+05
-1.0451271126237552e+03
-3.2255341441389151e+03
-1.5308665654383327e+02
-9.8014175392945924e+02
+2.6342054018110173e+02
-4.6098070583706817e+02
-4.6475246555788397e+02
+2.9482951212777343e+05
+1.0698341819551079e+03
-4.6098070588568498e+02
-4.6475246555735157e+02
-3.2279582070221909e+03
-1.5551071942852269e+02
-2.8752871386546368e+05
-8.3579139452406002e+02
-3.2279582069744133e+03
-1.5551071942910843e+02
-1.8532691647753077e+02
-1.8783314455287396e+02
-4.6087608740073790e+02
-4.6464784709099195e+02
+2.9462002736330050e+05
+8.5914078539252364e+02
-9.8014175395484472e+02
+2.6342054018444981e+02
-3.2255341441134592e+03
-1.5308665655222188e+02
-2.8913113964601478e+05
-1.0451271126169067e+03
-4.6648417056831089e+05
+1.3437975710622033e+04
-2.8484439127248686e+02
+1.4971963678792540e+02
+1.5160852451604384e+02
+5.9763203615772369e+01
+6.0896213793247895e+01
-1.5265312545986148e+04
+3.2940331619641086e+02
+1.0160070933902319e+03
+1.2289171039261056e+01
+3.8277068179091754e+02
-2.1405706946915473e+01
+1.4978828305662586e+02
+1.5167717078713875e+02
+1.3370364920313357e+04
-3.5311512472158086e+02
+1.4978828306056272e+02
+1.5167717078703180e+02
+1.0173591096568821e+03
+1.3641187304159333e+01
-1.5622369680024785e+04
+4.2413125002253906e+02
+1.0173591096527165e+03
+1.3641187303729394e+01
+5.9763203614914708e+01
+6.0896213793371246e+01
+1.4971963678744470e+02
+1.5160852451575451e+02
+1.3437975710626546e+04
-2.8484439127213926e+02
+3.8277068179055323e+02
-2.1405706947811609e+01
+1.0160070933911694e+03
+1.2289171040702035e+01
-1.5265312545992563e+04
+3.2940331619495544e+02
-8.8697144151811619e+04
+9.7736969675929140e+02
+9.9469575819275505e+01
-5.0117523825372743e+01
-5.2055890717644253e+01
-1.9377992624046982e+01
-2.0464910924699648e+01
-3.7389769612466409e+02
-1.4618101805321444e+02
-3.9079706059638767e+02
-4.4778976705157397e+01
-1.6142142359767132e+02
-2.4784607534878432e+01
-5.0153783790079281e+01
-5.2092150682991978e+01
+1.0001630612898862e+03
+1.2295711043431973e+02
-5.0153783790620302e+01
-5.2092150682932022e+01
-3.9189713787166454e+02
-4.5879053980032474e+01
-3.1079476746248616e+02
-2.3906624540816168e+02
-3.9189713787093899e+02
-4.5879053979748875e+01
-1.9377992623896205e+01
-2.0464910924706906e+01
-5.0117523825244675e+01
-5.2055890717653419e+01
+9.7736969675879220e+02
+9.9469575819244881e+01
-1.6142142359757170e+02
-2.4784607534680951e+01
-3.9079706059630064e+02
-4.4778976705104171e+01
-3.7389769612381622e+02
-1.4618101805297954e+02
-6.7696407392722922e+03
+1.3632639036549344e+01
+1.7856512109113818e+00
+1.2867618655925972e-01
-1.1729666385953821e+00
-4.1484306993649418e-02
-4.8485461121100432e-01
+2.3496810340079971e+01
+2.3601255121718307e+01
+2.8300097066472187e+01
+3.7436802491487065e+01
+2.2272023457593377e+01
+2.6007364509014984e+01
+1.2892240520283502e-01
-1.1727204199117378e+00
+1.3481104212290772e+01
+2.3590154451417811e+00
+1.2892240519208431e-01
-1.1727204199229824e+00
+2.8665959706380278e+01
+3.7802665131383208e+01
+5.5631641038093825e+01
+5.1232166904042067e+01
+2.8665959706381038e+01
+3.7802665131361167e+01
-4.1484307013175722e-02
-4.8485461121175272e-01
+1.2867618656845800e-01
-1.1729666385804614e+00
+1.3632639036479880e+01
+1.7856512109050364e+00
+2.2272023457613081e+01
+2.6007364509002851e+01
+2.8300097066406092e+01
+3.7436802491427763e+01
+2.3496810340121456e+01
+2.3601255121732351e+01
-1.0476006928738007e+03
+2.1661257724752755e+01
+7.8753811640066451e-01
-2.3819256445119419e+00
-3.9003042388658749e-01
-1.1421260871727001e+00
-2.9180089851624913e-01
-1.4976459503679997e+01
+6.7924039162371064e-01
+2.4486725551709960e+00
+3.0592303799535250e+00
+2.9667927110651072e-02
+1.1332130333837243e+00
-2.3818058788034056e+00
-3.8991065815321380e-01
+2.2680496255609498e+01
+8.6101922041059298e-01
-2.3818058788108702e+00
-3.8991065815641074e-01
+2.5668538566583132e+00
+3.1774116814158768e+00
-4.5578185452722320e+00
+1.1560643119282123e+01
+2.5668538566657064e+00
+3.1774116814140672e+00
-1.1421260871918018e+00
-2.9180089851780339e-01
-2.3819256444970036e+00
-3.9003042388074699e-01
+2.1661257724689339e+01
+7.8753811639612836e-01
+2.9667927124886900e-02
+1.1332130333802104e+00
+2.4486725551247428e+00
+3.0592303799215901e+00
-1.4976459503631034e+01
+6.7924039160666716e-01
-1.1770701582694204e+02
+6.4807996271709536e+00
+8.5358351559819345e-01
-7.4140899242764513e-01
-4.7122266697607007e-01
-3.4494626793637567e-01
-2.2392304122961970e-01
-2.3558873345625244e+00
-2.3814402653138891e+00
-3.7237541503649871e+00
-8.7724198403356035e-01
-2.3492087687857830e+00
-9.8664938956929571e-01
-7.4137132806221762e-01
-4.7118500259431900e-01
+6.7924473897782685e+00
+1.0436688472226627e+00
-7.4137132806366535e-01
-4.7118500259568219e-01
-3.7021464219679507e+00
-8.5563425565045736e-01
+1.2742182422117627e+00
+1.1537480651430515e-01
-3.7021464219664675e+00
-8.5563425565160134e-01
-3.4494626794784611e-01
-2.2392304123012913e-01
-7.4140899242059699e-01
-4.7122266697318571e-01
+6.4807996271346404e+00
+8.5358351559702739e-01
-2.3492087687769900e+00
-9.8664938956865367e-01
-3.7237541503860503e+00
-8.7724198404749831e-01
-2.3558873345420954e+00
-2.3814402653471287e+00
-1.2383566239912343e+01
-1.7372161434037001e-01
-2.1926823696905403e-02
+1.7695932847892108e-02
+1.3140787897056498e-02
+7.5274986171291070e-03
+5.8655741641483617e-03
+4.4367529119452416e-02
+3.7887330074650880e-02
+1.0621355892452251e-01
+2.3912274105321672e-02
+5.7070818820816951e-02
+1.9917474913033584e-02
+1.7694958214104949e-02
+1.3139813262791337e-02
-1.8175034829890707e-01
-2.7549363956061744e-02
+1.7694958214131661e-02
+1.3139813262823831e-02
+1.0582007238771689e-01
+2.3518787568862297e-02
-4.4478051556538556e-02
-1.6245359623931904e-02
+1.0582007238768400e-01
+2.3518787568821434e-02
+7.5274986174638601e-03
+5.8655741641655875e-03
+1.7695932847718594e-02
+1.3140787896981488e-02
-1.7372161433486880e-01
-2.1926823696869074e-02
+5.7070818820617000e-02
+1.9917474912918471e-02
+1.0621355892504543e-01
+2.3912274105692102e-02
+4.4367529118839129e-02
+3.7887330081854208e-02
-1.3219150134135769e+00
-1.6331130938596326e-03
-5.0921957156368340e-05
+1.5182327159529919e-04
+1.1358628846814236e-04
+6.3981849552900423e-05
+5.0598356164398951e-05
+3.9510985443058519e-04
-8.4585471947378236e-04
+9.2155400866921226e-04
+2.0902532363364584e-04
+4.9453957989802674e-04
+1.7309022080818951e-04
+1.5181483453980142e-04
+1.1357785140885272e-04
-1.7025138669343573e-03
-9.9610842464984428e-05
+1.5181483453967338e-04
+1.1357785140867720e-04
+9.1815915755879597e-04
+2.0563047252012320e-04
-3.7382340032138288e-04
-1.3140653272794959e-03
+9.1815915755777324e-04
+2.0563047251946417e-04
+6.3981849555700687e-05
+5.0598356164854803e-05
+1.5182327159376561e-04
+1.1358628846783032e-04
-1.6331130937069080e-03
-5.0921957155613546e-05
+4.9453957990135177e-04
+1.7309022080482314e-04
+9.2155400867041735e-04
+2.0902532363750438e-04
+3.9510985442793475e-04
-8.4585471928174554e-04
+3.0779494684655195e-02
-3.0612283209053796e-02
-3.8108176981951062e-05
-4.1100538719366882e-05
-1.1487454496616132e-05
-3.1739833811839542e-05
+4.9696421246894835e-02
-4.1100538719150503e-05
+1.1160859404938828e-03
-3.1739833812062197e-05
+7.0911958893823540e-03
+3.0802051198630675e-02
-3.0608777520147110e-02
-3.8108176981849201e-05
-4.1100538719466094e-05
+5.3498531250758770e-02
-4.1100538719851324e-05
+1.1160859404946628e-03
+3.0779494684655333e-02
-3.0612283209053678e-02
+4.9696421246894384e-02