6
4
12
6
14
7
6
5.74745746165348E-6
2.20416544375123E-5
2.63517930355701E-5
4.65880044733547E-5
-2.97344231372537
-0.00711293589522809
0.000252352404110509
-0.000368832865372162
0.000592770982314592
-8.11071298748935E-5
-9.40726993801616E-5
-0.00757500946655372
0.000256614263550247
-8.11071464643288E-5
0.000571029169035925
-8.11071357074762E-5
-0.00711293589523269
-9.40726728341748E-5
-8.11071499815606E-5
0.000592770982315533
-0.00625155087815705
-5.4282767401218E-5
-5.24445326272429E-5
-0.00625705727418225
-5.42827674010107E-5
-0.00625155087815936
-12.1355963021525
-0.0308942053426995
0.00385066378910108
0.0101019242562415
0.00354202743163937
0.000166579225804887
0.000494748652363439
-0.0258919680101439
0.00384028736666383
0.000166579355896598
0.00386462156258512
0.000166579312820216
-0.0308942053426794
0.000494748478461575
0.000166579427074791
0.00354202743163403
-0.0319145287747269
-0.000709248973949788
-0.000628629611485274
-0.0318676902752828
-0.00070924897395102
-0.0319145287747145
-36.3136221825856
-0.168877070446492
0.120678210036307
0.0807234098869954
0.0180024794418551
0.0149819730112476
0.0145822838393027
-0.187567757067694
0.1206920732248
0.0149819719415475
0.018712501261578
0.0149819721836111
-0.16887707044659
0.0145822851217043
0.0149819712377905
0.018002479441887
-0.159311871239242
-0.00627974555952726
-0.0054771171223788
-0.15926513256926
-0.0062797455595131
-0.159311871239315
-108.41836400926
-0.0804544634326906
-0.197701004569669
-0.190699407823775
0.194998146132274
0.0515061992923085
0.0406190988908159
-0.162396983161719
-0.197899031615997
0.051506208068506
0.186375223314737
0.0515062065830795
-0.0804544634320492
0.040619089346919
0.0515062143720757
0.194998146132027
-0.806800905548645
0.0451958699306928
0.05433569163929
-0.795521103927879
0.0451958699305356
-0.806800905548182
-334.704958702195
-0.629453857073641
0.253626017127648
-0.0152887652720613
1.30631071684305
0.463702058210193
0.322125592602144
-0.499630477753595
0.253025114600897
0.463701988373087
1.23631988263362
0.463701997146954
-0.62945385707805
0.32212565760742
0.46370193498787
1.30631071684571
-4.25528273028196
0.899140099971785
0.97939811289378
-4.10847993285838
0.899140099974056
-4.25528273028563
-943.04468237829
-5.59237270328413
-4.26260982988346
-1.99724363228496
9.23524590926978
-0.252054283769986
-0.951356758829447
-4.98361182196462
-4.26122988176718
-0.252053898376634
8.31687362720012
-0.252053989621576
-5.59237270325563
-0.951357107178443
-0.25205364905309
9.23524590924836
-18.0575877545842
4.0943493768284
2.70393595896304
-19.0735014128565
4.09434937680885
-18.0575877545578
-2339.50165833429
-22.5879233959758
5.00139663889563
2.62020583117611
29.0833547922684
-3.61634459060486
-1.31261809598125
-22.4700916546384
5.00922821737555
-3.61634549062329
31.7001554365216
-3.61634538093074
-22.5879233960703
-1.31261736976952
-3.61634618233185
29.0833547923498
-38.2890146190396
12.0283495154084
3.52716593645407
-45.3293264979169
12.0283495154818
-38.2890146191292
-9195.14876286599
-10.9597987461432
-0.93430698833777
-0.517091801874795
11.8536704352428
-5.96104923468533
-2.50368230954515
-12.5084057619932
-0.944277962075509
-5.96104765657729
13.1896452585344
-5.96104752804813
-10.9597987455673
-2.50368330431407
-5.96104610322396
11.8536704346796
-16.6999899865726
-0.596293930397145
-3.31148011602252
-17.3305291794939
-0.596293930929796
-16.6999899860233
-53612.6027251586
-25.4291125599895
0.0145900557426676
0.00959981338521602
24.3243269864844
11.6930466629313
5.51620623752071
-23.0562902045298
0.0161888533373634
11.6930437707936
22.3829998995807
11.6930451364099
-25.4291125650969
5.51620854477019
11.6930426150241
24.3243269915509
-49.227180176149
-25.2734450788655
-27.1974920274858
-40.7960228487432
-25.2734450745076
-49.2271801810578
-280895.154807604
-131.644295838392
0.000226054306510635
6.21591827494805E-5
104.168015259335
-2.4888377293649
-1.16673887630487
-136.816502142293
0.000177866512745069
-2.48883550116422
101.919713189497
-2.4888373481311
-131.644295734627
-1.16674093855516
-2.48883546162854
104.168015155605
-277.195326492211
-144.184528136073
-170.223162513301
-235.955831887935
-144.184528227341
-277.19532639483
-1609101.45016099
-253.758430775183
-2.22405918767731E-6
-7.25946103205331E-7
303.039865074743
0.106814594464359
0.04447096038035
-240.966105267802
-2.19815279502577E-6
0.106814199047216
305.206785548455
0.10681458075915
-253.758431837846
0.0444713185828971
0.106814266782795
303.039866137518
-1849.84127286192
-1183.31036128824
-1470.51188460655
-1465.82204692516
-1183.31036037588
-1849.84127384656
-13755531.7291241
-1550.3548733073
1.58876623275773E-7
1.12088521319163E-7
1238.32649372849
-0.0576081526655631
-0.0198807087036494
-1644.11905029541
1.23750557872019E-7
-0.0576079409750067
1232.64095589357
-0.0576081391449881
-1550.3548673212
-0.0198808213671115
-0.0576080038375625
1238.32648774092
-42372.1468381689
-31450.2806521394
-34318.1751031282
-29324.4441575523
-31450.2806574529
-42372.1468326764
-405.852047553391
-13.1512917502583
-19.6175930435517
-7.16676890710448
34.6012530307894
-18.9276304081342
-7.00345651653565
-19.617587791869
-3.39906995423481
-19.6175929638931
-18.9276304081232
43.9098914386974
-18.9276304081455
-7.16677448180574
-19.6175877702621
-13.1512918378438
-7.00345651661185
-18.9276304080651
34.6012530307572
194.887677508678
-147.834588109649
-89.1861248694915
-81.2419267292701
-23.5973820459384
-43.1248452125088
-147.834593302886
279.05312648217
-147.834588262309
-23.5973820461928
-58.0722724439131
-23.597382046273
-89.1861193582529
-147.834593397975
194.887677673255
-43.1248452121875
-23.5973820467852
-81.2419267287745
-5745.72658901586
24.205886700975
-18.4750880465947
-8.52953097936914
35.5076808082825
-18.8370061808069
-8.55006018343126
-18.4750906705796
31.5650899775247
-18.4750870900204
-18.8370061807908
43.1846444645008
-18.8370061807762
-8.52952823802001
-18.4750896490174
24.205885658932
-8.55006018334753
-18.8370061808321
35.5076808082823
343.892993746228
-59.6638083145273
80.5160452609677
98.2314865526001
65.0271356472816
136.969143575422
-59.6638057061136
385.822146822328
-59.6638092187229
65.027135647424
89.1729690178203
65.0271356468605
80.5160425366507
-59.6638066745498
343.892994732005
136.969143575278
65.0271356472161
98.2314865530051
-165591.631331377
3464.34191267423
55.356523294829
23.4018769129408
-100.024587546067
54.648240331734
23.1065899731699
55.3565280575743
3439.2034192833
55.3565293156617
54.6482403316896
-124.881331650446
54.6482403316818
23.4018717475577
55.3565341982417
3464.34190630148
23.1065899731211
54.6482403316878
-100.024587545952
-4414.21308329386
309.268658687468
-109.399061206552
-189.65889685289
-50.7153263791277
-261.613137658519
309.268654062282
-4654.44668392916
309.268652706947
-50.7153263785611
-266.113421365661
-50.7153263752768
-109.399056184808
309.268647958852
-4414.2130769619
-261.613137659196
-50.7153263746901
-189.658896856811
-1074454.06489191
42444.8105854822
-16.5725302309956
-10.22223980727
24.7631606939648
-15.5415861081764
-9.76444057591022
-16.5726102627371
42452.3238740387
-16.5726426957981
-15.5415861080783
31.9100202397901
-15.5415861078229
-10.2221527740443
-16.5727252689485
42444.8107050581
-9.76444057567666
-15.5415861083386
24.763160693764
-41040.0529730019
-792.638799261018
727.856053231194
1216.55130133187
-691.091327468729
791.846041992438
-792.638721688431
-40188.7938365696
-792.638687611842
-691.091327474017
2021.00577532225
-691.09132749781
727.855968787818
-792.638607477157
-41040.0530917089
791.846041997217
-691.091327502303
1216.55130135795
-6065737.18390717
623149.733589527
7.01177768228602
10.0997466917799
3.20486165868604
2.94529816729009
8.32019745304331
7.01139608094436
623143.365763673
7.01185482949526
2.94529816185604
-1.57778197113948
2.9452981619478
10.1001574633498
7.01148069401801
623149.733507951
8.32019745780734
2.9452981586604
3.20486165995911
-630393.593293995
9183.8733535281
-3745.06077338224
-7268.21746945831
9168.50011962313
-3798.1966411452
9183.87373222748
-638124.701609227
9183.8732832821
9168.50011965854
-14969.3443028447
9168.50011974276
-3745.06118088976
9183.87365446746
-630393.593219568
-3798.19664118146
9168.5001197766
-7268.21746952853
-230983800.142718
191428541.697558
-283.834044126489
12.1128235422697
218.308745253651
-171.273063797115
49.2453500867734
-283.812828619877
191428941.882759
-283.821248316865
-171.273063596058
559.141166270911
-171.273063617832
12.0898348643034
-283.799909916891
191428541.683959
49.2453498983651
-171.273063462422
218.308745175949
-191296916.744997
-216170.489642954
60675.5898674087
129965.750636719
-215152.604928865
60313.4255536387
-216170.510453116
-191138934.884886
-216170.502524121
-215152.604929453
285757.383331807
-215152.604929594
60675.6124228637
-216170.523457017
-191296916.731314
60313.425554346
-215152.60493016
129965.750636164
-6.16316767400361
0.000473111969352544
-0.000660672376738455
-0.000302646359418499
0.000236636365249847
-0.000576738718244537
-0.000238187720410934
-0.000660672281746336
0.000745025652846091
-0.000660672349697274
-0.000576738718243895
0.000496735282557218
-0.000576738718244499
-0.000302646460555291
-0.000660672254910957
0.000473111940511129
-0.000238187720412221
-0.000576738718243097
0.000236636365249473
0.00541417061753931
-0.00510538359169753
-0.00273818334715067
0.00408878610039391
-0.00138269520582273
-0.00123054252639939
-0.00510538368527862
0.00788343022262149
-0.00510538361963651
-0.00138269520582719
0.00485314154750278
-0.00138269520583565
-0.00273818324753691
-0.00510538371301221
0.00541417064731241
-0.00123054252639412
-0.00138269520584285
0.00408878610041242
-32.5194923509318
-0.00456641627177144
-0.0385471478235761
-0.0136516592280318
0.066768705685162
-0.0388653759875899
-0.0151452369362253
-0.0385471408377314
0.0148814205250836
-0.0385471459167226
-0.0388653759875555
0.0851010375185187
-0.0388653759875858
-0.013651666664732
-0.0385471389488002
-0.00456641830547033
-0.0151452369363211
-0.0388653759874892
0.0667687056851259
0.393559522466814
-0.347360886368285
-0.183934489711855
-0.118466017712173
-0.0905213040530177
-0.0824785009918697
-0.347360893251374
0.567905426529717
-0.347360888342409
-0.0905213040533143
-0.0640026555365609
-0.0905213040539019
-0.183934482385932
-0.347360895207812
0.393559524570354
-0.0824785009914236
-0.0905213040544566
-0.11846601771104
-131.676557735107
-1.60161517323223
-5.07951734534294
-2.01902253698262
8.93528656682482
-4.80860458640259
-1.87359814953078
-5.07951637219328
0.767438845086197
-5.07951714826376
-4.80860458639843
11.2067224657508
-4.8086045864026
-2.01902357209738
-5.07951617988844
-1.60161538347549
-1.87359814954393
-4.8086045863887
8.93528656681948
49.7236875928274
-40.7087936178886
-21.8884163954946
-19.7883752442672
-9.24169461945982
-9.66761705962658
-40.7087945776725
71.2075363148609
-40.7087938254723
-9.24169461950402
-13.1989623231192
-9.24169461956769
-21.888415374809
-40.7087947805337
49.7236878140436
-9.66761705956658
-9.24169461965032
-19.7883752441314
-446.799480485334
14.8506692890785
19.6889546537023
7.12346835107413
-34.6633764413878
18.9716398133764
6.99449585996967
19.6889491544743
4.9910631459399
19.6889546969847
18.9716398133662
-44.0227418472134
18.9716398133897
7.12347418702256
19.6889492627034
14.8506692459388
6.99449586005043
18.9716398133048
-34.663376441354
-195.089828250259
145.72347161061
90.1453967878575
83.2113072255746
21.2231445000234
44.1089198407077
145.7234770504
-278.959276615554
145.723471645869
21.2231445002919
60.6158072737104
21.2231445003409
90.145391016508
145.723477021241
-195.089828290027
44.1089198403715
21.2231445008848
83.2113072250863
-1184.39449520427
-686.741157120919
-139.767264323604
-28.5363765598498
256.995309818957
-149.823245922773
-29.09581462239
-139.767111553718
-595.40465413978
-139.767307143435
-149.82324592294
356.739592138754
-149.823245923687
-28.5365381007954
-139.767157553716
-686.741111556558
-29.0958146250726
-149.823245921034
256.995309818059
1140.33432664605
-662.410118671103
-1343.25673944869
-1499.63646646793
336.517343290066
-1150.65753373262
-662.410270368565
1965.61769959831
-662.410078721025
336.51734328169
-1341.09847410271
336.517343292836
-1343.25657909255
-662.410227261883
1140.33428413567
-1150.65753372368
336.517343275376
-1499.63646646659
-14584.0525708456
-14.2240003398705
26.2818947226533
11.5569486599551
-49.748939661242
26.1447852527015
11.3619157863536
26.2818969399961
-25.2190759561336
26.2818969856107
26.1447852526906
-60.8194862646495
26.144785252675
11.5569463686503
26.2818992433675
-14.2240026815019
11.3619157862264
26.1447852527175
-49.74893966123
-476.920602379924
77.9876904339422
-102.187720333858
-113.040023977458
-94.4374241115385
-176.984217820863
77.9876882728867
-486.810452012653
77.9876881785386
-94.4374241115895
-49.7859828159667
-94.4374241114526
-102.187718101865
77.9876859765846
-476.920600046396
-176.984217820771
-94.4374241116948
-113.040023977639
-128988.48060509
6713.47407123062
-1439.58672063551
-474.114332984985
2753.18970154932
-1455.90084961689
-462.17347312811
-1439.58485855666
7496.2617911803
-1439.58809958035
-1455.90084962149
3562.95627300267
-1455.90084964225
-474.116356850563
-1439.58630191012
6713.47549947866
-462.173473151503
-1455.90084961273
2753.18970154595
-13505.4630140351
658.167148696794
-20680.0557997572
-27716.9300259817
10283.7966969177
-17641.5343334869
658.165287640177
21290.0790379709
658.168478111521
10283.7966969117
1706.9680740514
10283.7966969636
-20680.0537778359
658.166681050892
-13505.464389508
-17641.5343334429
10283.7966969017
-27716.9300260178
-154595.49288018
-10758.0692047435
2227.1847860214
656.755603852244
-4063.57732549502
2274.55668270092
643.207651601275
2227.18159010055
-12038.5607771331
2227.18693865003
2274.55668270652
-5400.46002080192
2274.55668274065
656.759074505286
2227.18384680667
-10758.0714323808
643.207651640141
2274.55668269154
-4063.57732548732
24375.5393372981
-510.724136191217
32474.8607740342
44501.6900127909
-15570.7478947687
28243.0748345385
-510.720945008938
-21151.8708984743
-510.726207377261
-15570.7478947562
7854.43633331782
-15570.7478948062
32474.8573098606
-510.723119609458
24375.5414781995
28243.0748344659
-15570.7478946911
44501.6900128211
-407859.991976808
12433.0544437445
-941.724239957096
-161.895211030121
1459.04689624163
-965.108029641468
-157.923943687377
-941.721794164914
13085.4353461101
-941.72540046167
-965.108029640111
2136.45893757015
-965.108029664017
-161.897878500831
-941.723019004824
12433.055629382
-157.923943707192
-965.108029634695
1459.04689623399
-26975.8925331179
497.984811877067
-16252.5755051547
-25631.9651106719
6891.32673510237
-15214.2086260332
497.982376495204
-11574.6284698226
497.985918166444
6891.32673512325
-14726.8237603968
6891.32673504889
-16252.5728498092
497.98354672399
-26975.8936611344
-15214.2086260157
6891.32673500713
-25631.9651106473
-1115995.97321743
-19620.0492191559
461.676399167961
-17.6194063584786
-543.044087969105
459.845274891985
-21.110960284089
461.673385908994
-20035.8105083167
461.676882218908
459.845274886227
-960.773559410001
459.84527491039
-17.6161083580394
461.673918050137
-19620.0496753546
-21.1109602685879
459.845274881897
-543.044087959231
44481.8175419632
-23963.7315518468
20249.6782138061
28989.0413193256
-26996.9960333641
20392.5074652463
-23963.7285647447
73085.07433334
-23963.7319840943
-26996.9960334133
60351.3869225274
-26996.99603326
20249.6749446715
-23963.7290457511
44481.8179443477
20392.507465257
-26996.9960332622
28989.0413192677
-3087493.60920008
39139.2136355436
-230.293737245286
204.781751686677
-84.3052043693964
-212.659538800255
206.802948545189
-230.289989878699
39537.5474047923
-230.294734047108
-212.659538802417
300.237219976038
-212.659538836457
204.777602532681
-230.29105859421
39139.2145915153
206.802948536672
-212.659538799469
-84.3052043800786
-51296.7112557922
-23793.4091330597
-1806.95216667508
-11516.7566276887
-22407.4363814872
-3173.92535318921
-23793.4128530315
56420.3722599255
-23793.4082061477
-22407.4363813832
93676.0405336958
-22407.4363816874
-1806.94804829185
-23793.4118544229
-51296.7121377274
-3173.92535323793
-22407.4363816404
-11516.7566275166
-10395572.967288
-137846.324262563
-1574.75230443392
-2270.42467842776
5246.17633844082
-1596.49606671425
-2229.50817959265
-1574.75818367912
-138683.054692534
-1574.73269458495
-1596.49606654834
4472.15605714957
-1596.49606641144
-2270.41776252831
-1574.7379101024
-137846.344517046
-2229.50817971646
-1596.49606649229
5246.17633838839
2141694.59741986
-3837166.9471264
1972515.34476652
1963976.00016689
-3826607.92362323
1987189.74860737
-3837166.94104109
7159349.4993273
-3837166.96632138
-3826607.92362372
6986676.9228721
-3826607.92362247
1972515.33764197
-3837166.96090009
2141694.61723232
1987189.74860772
-3826607.9236228
1963976.00016571
75820.3926480622
172071.461086903
-9.1603934194427
-88.2244441988248
-27.5339441292994
29.9841845546024
-14.9178515638219
15.5946332494015
44.414736258675
-41.6313333355076
-27.3915159890945
31.1702663876743
-14.7042308695555
15.6105196038123
-27.5339290228133
29.9841717546312
-0.192330664319431
-98.6063377424875
-27.5339518096512
29.9842116918602
-27.3915159891986
31.1702663878151
53.4716165030136
-53.0542902099756
-27.3915159893757
31.1702663882306
-14.9178679535788
15.5946475544848
-27.5339371013996
29.9841998948191
-9.16038554154333
-88.22447243659
-14.7042308698659
15.6105196042182
-27.3915159891029
31.1702663876553
44.4147362587834
-41.631333335562
53.4523455603224
236.160273874753
-48.4884174024018
-18.2839926548164
-338.917115705121
278.674633089888
-293.271325616845
464.344538031932
132.160117900942
-225.20175033609
-242.079077447384
175.625351939857
-48.4884324507429
-18.2839796161601
1064.52621908306
-178.052231507495
-48.4884100614882
-18.2840191521828
132.16011790076
-225.201750336893
657.936019999275
126.567513685387
132.160117903225
-225.201750335541
-338.917099380647
278.674618542003
-48.4884247168129
-18.2840071107702
53.452338043979
236.160301428332
-242.079077446705
175.625351939592
132.160117903206
-225.201750334984
-293.271325618497
464.344538031087
10337351.8170097
16991956.2935891
21510.1839545627
-73533.7015546393
-1180.32768443831
-2427.08059244973
-749.693768353546
-2449.52908947693
1983.73054924017
6106.25892995744
-1122.105862361
-2390.36756307041
-717.02859093775
-2387.87474501667
-1180.32787871739
-2427.08280623504
21829.869900961
-73791.3935803901
-1180.32291389002
-2427.05939973229
-1122.10586232244
-2390.36756288729
2285.58346670251
5880.55143324871
-1122.10586230936
-2390.36756278208
-749.69347971899
-2449.52621406159
-1180.32295740823
-2427.06093916391
21510.1789815597
-73533.7235574895
-717.028590985939
-2387.87474517392
-1122.1058623107
-2390.36756282682
1983.73054921011
6106.25892987493
266966.018120019
563617.908694238
-520679.575370419
-1097011.64072447
289934.975696776
474776.606391741
273399.345952068
443675.08797762
-513331.613429818
-1081271.32048544
294634.881364354
490475.531952684
-520679.575112302
-1097011.63824232
731847.633274467
1992977.31944675
-520679.580057924
-1097011.66152763
-513331.613429813
-1081271.32048579
736306.488320474
1874492.24153337
-513331.613430192
-1081271.32048511
289934.975342222
474776.603240678
-520679.579950468
-1097011.65972019
266966.023004556
563617.930281619
294634.881364398
490475.531953001
-513331.613430213
-1081271.32048539
273399.345952194
443675.087976717
-21.4545925802655
0.00360684190464084
0.0152198829464863
0.00567362953612007
-0.0291801957346323
0.0150346725703713
0.00583095963545922
0.0152198802687689
-0.00382420578064369
0.0152198822005228
0.0150346725703574
-0.0362974781744566
0.0150346725703697
0.00567363238686547
0.015219879529161
0.00360684270026581
0.00583095963549615
0.0150346725703324
-0.0291801957346191
-0.157541296825001
0.132705169754949
0.0688788989758091
0.0678424450668025
0.0336577220394223
0.03023575408683
0.132705172393079
-0.225378835471917
0.132705170526455
0.0336577220395374
0.0466670131982937
0.0336577220397677
0.0688788961677459
0.132705173158304
-0.157541297647131
0.0302357540866598
0.0336577220399767
0.0678424450663559
-185.133456307105
1.6342619122085
4.29475709927217
1.69555396175067
-7.52201956595509
4.06362000534122
1.57775315959653
4.29475622677779
-0.380341776633509
4.2947569580877
4.06362000533793
-9.44768767681811
4.06362000534163
1.69555488939336
4.29475609104114
1.63426206291301
1.57775315960844
4.06362000532897
-7.52201956595014
-41.9569602409382
33.8018939594328
18.5384772466802
16.8465611276839
7.21210677325774
8.2427064103646
33.8018948204373
-60.0171015413603
33.8018941106239
7.21210677329804
11.4073829373685
7.21210677334584
18.5384763314544
33.8018949662347
-41.9569604021227
8.24270641031101
7.21210677342244
16.8465611275713
-1189.37756461892
686.448088335138
136.363577686893
27.1481260577856
-251.6695720786
146.91986622131
28.0430489132103
136.363425911201
596.677969225732
136.363620413634
146.919866221477
-349.969010151711
146.91986622222
27.1482865442663
136.36347180362
686.448042868981
28.043048915878
146.919866219583
-251.669572077709
-1109.91504580967
643.430407321017
1331.91694088085
1489.28571884299
-336.834318029611
1145.93077147927
643.430558033839
-1922.36944014323
643.430367448406
-336.834318021285
1334.16190567127
-336.834318032421
1331.91678156874
643.430515019008
-1109.91500338096
1145.9307714704
-336.834318015064
1489.28571884173
-215526.627149614
714.194926780506
-175.560758032664
-51.7034858834873
340.370683128829
-186.925056130672
-52.3142512875622
-175.560347107752
813.591647045958
-175.560864129502
-186.925056129884
449.318483587458
-186.925056132569
-51.7039284164532
-175.560461351012
714.195035423056
-52.3142512915233
-186.9250561279
340.370683126663
401.584538279635
-1032.52302817658
-4834.58701389024
-1471.12418559644
212.594120516164
-4488.68890060236
-1032.52343611241
-1344.93380066259
-1032.52292968179
212.594120508418
-3946.27676463073
212.594120507847
-4834.58657468085
-1032.52332952856
401.584437705141
-4488.68890059231
212.594120486437
-1471.12418559077
-1342918.49082544
-4814.53964171409
71.1463837057341
66.9136651133818
-235.315163207306
76.6560751255026
67.2384342160084
71.1450205998823
-4807.59469250507
71.1457748357443
76.6560751167698
-232.963519807068
76.656075122012
66.9151402360217
71.1444085044853
-4814.53898523147
67.2384342228386
76.656075113209
-235.315163200662
53777.4763547935
441.104236237345
-39556.1099719166
50751.3917271822
-70.3550198540182
-40000.2254889308
441.1055759857
13407.1670016159
441.104854050265
-70.355019849368
10370.1542178653
-70.3550198568041
-39556.1114220208
441.106197158079
53777.4756890061
-40000.2254889344
-70.3550198391778
50751.3917272085
-6674398.44157455
130168.393025649
-1205.83114927752
-1241.63243750564
3729.47669306715
-1206.76290140171
-1224.76086548564
-1205.80957302521
129964.387396015
-1205.80932404864
-1206.76290119192
3543.85958543531
-1206.7629012439
-1241.65575061893
-1205.78732646372
130168.369798504
-1224.76086562414
-1206.76290111115
3729.47669289556
15037539.1928773
16297.4730590957
-15378847.0647587
15139362.6155961
24263.3465274624
-15370780.2034605
16297.4520217861
-332174.348350838
16297.4512984227
24263.3465274359
-229144.193502855
24263.3465280964
-15378847.0420177
16297.4298380237
15037539.216031
-15370780.2034605
24263.3465279162
15139362.6155948
9585625.10749411
5329994.11330827
-33351.0993119719
135587.862266825
265.18147616142
-1347.96601015874
318.469360219205
-1275.45142220142
-1015.72622352925
3673.62331441415
282.134095353454
-1309.21823989236
318.873781956787
-1246.62384005208
265.174699730338
-1347.94769917804
-33250.5728217453
135497.631755064
265.175296426518
-1347.94470948952
282.134095291993
-1309.21823969513
-929.866145195531
3578.92054408947
282.134095309398
-1309.21823973329
318.476689472403
-1275.47117479783
265.168407186081
-1347.92595912952
-33351.0927236824
135587.839641001
318.873781994969
-1246.62384018674
282.134095269326
-1309.21823962002
-1015.72622348246
3673.62331424403
-6509427.37158206
8648475.05271403
-16353.478646078
-631.373631269501
6611720.18653196
-8974434.75467049
-6535058.69356138
8756142.44452926
-18232.5879657101
7971.05158879494
6609615.1341357
-8966235.54820091
-16353.472029673
-631.39144667743
108968.296444369
-301167.652290622
-16353.4724752435
-631.394830289311
-18232.5879657066
7971.05158876971
82784.9423808353
-192870.725306729
-18232.5879659014
7971.05158939738
6611720.17937283
-8974434.73544316
-16353.4657454502
-631.413086432868
-6509427.37815943
8648475.07522736
6609615.13413571
-8966235.54820089
-18232.5879658489
7971.05158924302
-6535058.69356104
8756142.44452786
-111.07005850076
0.765340789280641
2.52601303953779
1.02369000117652
-4.43152625465145
2.36786786589342
0.927795298870832
2.52601257262852
-0.395094148497379
2.52601293760417
2.36786786589134
-5.54519876613722
2.36786786589335
1.02369049790196
2.52601247274247
0.765340898006895
0.927795298877126
2.36786786588672
-4.43152625464893
-24.5300664477661
20.0786073821809
10.7066991259851
9.91599958046736
4.6082231523869
4.67890917471444
20.078607842575
-35.0945727660976
20.0786074890323
4.60822315240791
6.65525230526953
4.60822315244036
10.7066986362906
20.078607947402
-24.5300665616235
4.67890917468555
4.6082231524795
9.91599958040012
-4105.8500162148
-10.7871205915896
8.98167144279065
4.31308334227645
-18.2280892548538
9.59163925871134
4.44958254444084
8.98167335753885
-14.1745492355444
8.98167052528418
9.59163925870108
-22.0239409051822
9.59163925869055
4.31308133481118
8.98167238633582
-10.7871196050872
4.44958254439
9.59163925873018
-18.2280892548575
-144.225355011404
71.642552173004
-5.83067243449755
-16.4743669141977
7.72532874586739
-35.3355467195265
71.6425502664934
-169.387530118615
71.6425530484828
7.72532874575564
-16.174533911321
7.72532874613541
-5.8306704362707
71.6425511951695
-144.225355952839
-35.3355467194187
7.72532874588025
-16.4743669144549
-26497.5114126574
31.3687127998124
-20.1379760137134
-8.67614965895855
38.6039495758558
-19.9615854298666
-8.49963992598176
-20.1379776592529
39.9747998921304
-20.1379807060928
-19.9615854298593
47.2390999949557
-19.9615854298431
-8.67614797144629
-20.1379824765024
31.3687177083662
-8.49963992585612
-19.9615854298687
38.6039495758508
2038.05187901172
1643.34705760108
1778.35838458388
1776.0207688122
1774.92220151437
1834.28165745125
1643.34705916267
2006.18795077741
1643.34706223734
1774.92220151437
1687.13359084547
1774.92220151474
1778.35838298454
1643.34706392383
2038.05187416378
1834.28165745124
1774.92220151486
1776.02076881219
-104562.107579574
-102.884383814499
76.3073762186983
43.2488638945132
-82.253997141616
76.2846461006628
42.7188404115769
76.3073599843342
-125.830594085182
76.3074236280768
76.284646100755
-105.728917957636
76.2846461010356
43.2488819011167
76.3074090613915
-102.884433378142
42.7188404116108
76.2846461006847
-82.2539971416462
65790.7589284205
68964.1909333561
66281.6693317047
66313.0258167633
68460.7156216282
66000.2441569633
68964.1909500776
71226.9794931159
68964.1908869741
68460.7156216283
71904.7155336865
68460.7156216247
66281.6693131973
68964.1909020349
65790.7589768822
66000.2441569624
68460.7156216256
66313.025816765
219771.290369906
200326.140501324
-29.1695222931904
-80.8714350314756
-16.0159543007268
49.7726235394216
-9.15314747112785
29.8900162551777
22.7620190849484
-39.7018167957313
-16.447610462813
50.3798337638797
-9.19349550301824
29.6732367156812
-16.0159241273082
49.7726370961983
-24.9355786655432
-94.6007890394558
-16.0159293126382
49.7726750341128
-16.4476104629834
50.3798337638741
27.3317626828279
-54.2018045250469
-16.44761046301
50.3798337640463
-9.15318011443299
29.8900021326992
-16.0158986921059
49.7726900659295
-29.1695489837597
-80.8714892146876
-9.19349550313366
29.6732367154368
-16.4476104626482
50.3798337639847
22.762019084804
-39.701816795894
-31736.8261718673
56062.4961873986
-33857.0729550434
57699.6314135978
-31938.5058369097
56184.4311776664
-31938.9928213159
56283.3686448121
-33748.0828917718
57366.5045032055
-31877.7860831534
55988.7970572847
-33857.0729845336
57699.6314009116
-35252.4597336447
59640.981094492
-33857.0729800283
57699.6313627799
-33748.082891771
57366.5045032055
-35485.123650935
59958.3277892759
-33748.0828917679
57366.5045032019
-31938.5058049896
56184.431190876
-33857.0730099728
57699.6313486203
-31736.8261451841
56062.4962408492
-31877.7860831538
55988.7970572843
-33748.0828917676
57366.5045032029
-31938.9928213177
56283.3686448152
267011.837281342
537151.443139953
-4.88859029001815
-80.5785569313952
-11.2571181199157
-1.13589574039687
-6.70952738930378
-0.381916794425453
7.07702849845611
5.53014754440295
-11.2937675216972
-1.54632463888526
-6.6280154641366
-0.527949911020804
-11.2571350374121
-1.13587088564283
-1.54237043015019
-80.4495848330156
-11.2571332542608
-1.13585617631072
-11.2937675216119
-1.54632463895084
10.5450572941519
5.86795747516225
-11.2937675216728
-1.54632463887058
-6.70950933722543
-0.381943641676524
-11.2571504696068
-1.13583036563591
-4.88857425055705
-80.5785988907658
-6.62801546402139
-0.527949910935727
-11.2937675216856
-1.54632463862401
7.07702849850543
5.53014754431828
-1683.21981133986
-11280.7244852769
-1244.6673778408
-12080.8448765817
-1694.03337957926
-11379.9482145566
-1741.89561589973
-11403.3335685194
-1170.08899393581
-12070.2283121412
-1650.3683058122
-11376.317577858
-1244.6673613207
-12080.8449006068
-1112.90329785718
-12430.1886875208
-1244.6673627235
-12080.8449158148
-1170.08899393595
-12070.2283121405
-1194.59078277767
-12555.2362389089
-1170.08899393527
-12070.2283121319
-1694.03339720935
-11379.9481885815
-1244.66734590417
-12080.8449408024
-1683.21982735663
-11280.7244436729
-1650.36830581209
-11376.3175778586
-1170.08899393574
-12070.2283121318
-1741.8956159013
-11403.3335685268
0.0314539412258079
-7.78433266405755E-15
-6.47882929150889E-15
-0.0314397764645798
2.71364801951752E-9
9.49287011849239E-10
0.0314582167940895
-4.23234730850115E-15
2.71363823389655E-9
-0.0314395735306713
2.71364630287122E-9
0.0314539412257155
9.49291983012943E-10
2.71363989258427E-9
-0.0314397764644873
0.0738836685600264
-0.00826576891441378
-0.00270042283870899
0.0760008460635311
-0.00826576891430923
0.0738836685599424
