6
4
12
9
14
12
9
5.63489006941598E-5
0.000212010063846162
0.000258891679771181
0.00050703911106802
-2.89360510044625
-0.00846587033628968
-2.12283220423639E-5
-0.000737755819926934
0.000847339696764225
-0.000109694421227458
-0.000123867318042341
-0.00912954642526688
-2.12282977955006E-5
-0.000109694421227815
0.000820389697480107
-0.000109694421228143
-0.00846587033628885
-0.000123867318042395
-0.000109694421227776
0.000847339696764398
-0.00661572270575161
-5.26298996504381E-5
-5.01685722314169E-5
-0.00661945668718678
-5.26298996503565E-5
-0.0066157227057523
-12.1250353276176
-0.0402882050074882
0.0114905086642149
0.0197489907336623
0.00464617809391329
0.000856832869637395
0.00127086938232443
-0.0322487700868042
0.0114905085362413
0.000856832869641163
0.00511499911579416
0.000856832869641196
-0.0402882050074902
0.0012708693823231
0.000856832869638031
0.00464617809391359
-0.0330828322062626
-0.000691335699202999
-0.000613509858038439
-0.0330424619980458
-0.000691335699202989
-0.0330828322062599
-35.1711013219429
-0.193090304544311
0.11930723979757
0.0685640359989362
0.0234843926796899
0.0124439789993933
0.0118469806832092
-0.227418629311703
0.119307240438753
0.0124439789993651
0.023599311718484
0.0124439789993745
-0.193090304544309
0.0118469806832241
0.0124439789993988
0.0234843926796852
-0.160189701229752
-0.0053378202463901
-0.00455189950135412
-0.160041788199651
-0.00533782024639128
-0.160189701229758
-107.806951762837
-0.0795259812016934
-0.104492294628741
-0.153781683230504
0.242039894010521
0.0852295623622737
0.0674121050273281
-0.177099250622829
-0.104492298463949
0.0852295623625079
0.232126634589214
0.0852295623623921
-0.0795259812017035
0.0674121050272057
0.0852295623621882
0.242039894010536
-0.86379336655031
0.0423180178621115
0.050538929874931
-0.853509587425339
0.0423180178621183
-0.863793366550308
-332.244211155215
-0.798158182260467
-0.168140970806413
-0.229130506439304
1.5057682682369
0.274511100049427
0.183626087718399
-0.625723758918108
-0.168140955694707
0.274511100047396
1.42875527549217
0.274511100048498
-0.798158182260429
0.183626087719371
0.274511100050133
1.50576826823688
-4.42432149561287
0.858296701028695
0.951690175305381
-4.27200428776925
0.858296701028673
-4.4243214956129
-942.482358788244
-6.02122974911654
-3.56835875557216
-1.81894507714245
9.97739296018904
1.09685344565928
-0.16623754206773
-5.42388679527692
-3.56835880582834
1.09685344567086
8.93149665556416
1.0968534456654
-6.02122974911669
-0.16623754207187
1.0968534456552
9.97739296018905
-19.2635384666723
4.15629410969972
2.81556476484016
-20.2027022739726
4.15629410969981
-19.2635384666721
-2481.37198434739
-37.197941551447
2.03257268902367
1.66087417729676
46.3995039907568
-6.29736151099172
-3.09790050034731
-35.7453694443862
2.0325727963028
-6.29736151103173
48.7901991762837
-6.29736151100806
-37.1979415514465
-3.09790050033321
-6.2973615109785
46.3995039907568
-59.2092678654108
14.517474020973
4.48593699540656
-67.7533984236495
14.5174740209725
-59.209267865411
-6940.4032744295
-22.110571559458
1.69268672978847
0.454584378501832
24.5488173796747
-4.56270543990808
-1.16248603077953
-25.2302790955581
1.69268665132101
-4.562705439836
27.8360015712971
-4.56270543988284
-22.110571559459
-1.16248603080663
-4.56270543993164
24.5488173796752
-29.8645713689895
5.36170525965185
-0.625417741493318
-33.5944123457322
5.36170525965349
-29.8645713689899
-36342.4685851378
-32.5416906953736
0.00300764012699798
0.0105927069307944
32.6160833959422
1.24742543513328
0.556955918741845
-29.8426167257146
0.00300765959163534
1.24742543502469
30.8384720014264
1.2474254350691
-32.5416906953726
0.556955918775563
1.24742543517569
32.6160833959395
-48.8272269502961
-17.217672666107
-17.8617314842799
-42.4214680053007
-17.2176726661131
-48.8272269502902
-215763.802581653
-70.5382536658607
-0.003817771965891
-0.00679026740043958
72.4446468422313
-2.22841896704275
-0.589411970914357
-75.980353726406
-0.00381778302585777
-2.22841896677598
75.7962613184758
-2.22841896695116
-70.5382536658537
-0.589411971026972
-2.22841896712214
72.4446468422367
-213.279738918946
-109.599320664997
-135.481828324348
-177.08041326492
-109.599320664972
-213.279738918987
-1494515.38377086
-266.438738042038
-0.0181746836640063
-0.0064553096072148
251.298077542993
12.2486446572593
5.35228873899977
-251.605089106269
-0.0181746809642514
12.2486446566579
238.712433245638
12.2486446570931
-266.438738042083
5.35228873926301
12.2486446575117
251.298077543004
-1588.56408472432
-1149.41673674202
-1371.67077790405
-1177.4442752757
-1149.41673674224
-1588.56408472398
-13462169.8976616
-1401.3408176351
0.0155675457429168
0.00596534638641641
1324.5698608432
8.46464086333121
1.02655150392634
-1520.95240813545
0.0155675389865184
8.46464086528424
1383.48150861473
8.4646408625415
-1401.34081763455
1.02655150179217
8.46464086049551
1324.56986084287
-37942.8470802451
-27626.8156522312
-31029.0199203211
-25721.488267634
-27626.8156522287
-37942.8470802475
-37.9212048327371
15.2027576560572
1.86491516466125
-4.40139571378939
5.77083285619023
1.96416320666138
-4.40409167759605
1.86491516432188
9.13952738709608
1.86491516443383
1.96416320666581
-0.378702009399607
1.96416320667142
-4.40139571367683
1.86491516469362
15.2027576588537
-4.40409167759652
1.96416320666405
5.77083285618806
21.5009613105203
10.0387370445724
-19.1254583681786
1.14543972145032
-0.198979339171105
3.60994325660255
10.0387370448524
-11.3415147209772
10.0387370447818
-0.198979339184559
0.13146992213102
-0.198979339174542
-19.1254583682638
10.0387370445186
21.5009613076703
3.60994325662057
-0.19897933918648
1.14543972144267
-386.929571190848
268.112726517107
-38.8458224800138
-0.276689953261612
71.2311337224661
-51.8970644670148
1.58433276106015
-38.8458224753214
303.144400508552
-38.8458224800542
-51.8970644668717
119.673680282143
-51.8970644669179
-0.276689953303274
-38.8458224821572
268.112726499825
1.58433276104125
-51.8970644669149
71.2311337224793
184.665127729824
-265.027510159507
142.264742710507
13.8712688429216
15.9020544322912
132.225831577671
-265.02751016418
515.800025702655
-265.027510160421
15.9020544321258
81.5482395937144
15.9020544314731
142.264742710975
-265.027510158203
184.665127748463
132.225831577711
15.902054431493
13.87126884376
-2097.79806353788
-160.013013125599
-28.6420870045004
-28.7738285170135
15.5476028941601
-2.43496790053293
-24.0460539886154
-28.6420870096619
-163.34910621178
-28.6420870040059
-2.43496790071894
-6.54206748802375
-2.43496790066856
-28.7738285170315
-28.6420870018002
-160.013013107044
-24.0460539885946
-2.43496790066249
15.5476028941462
134.036988745005
47.9024241968444
-260.708146201812
-121.776062101411
34.2639373179778
-141.316827022737
47.9024242020906
-102.560442722809
47.9024241976636
34.2639373182079
-225.599134757714
34.2639373190625
-260.708146202381
47.9024241952851
134.036988724733
-141.316827022808
34.2639373190575
-121.77606210252
-22073.6735648686
949.426376989597
-8.27046830496216
11.0022630517485
-6.32629184072827
0.695509414713677
11.9358489311452
-8.27046830418262
965.881233821905
-8.27046830576176
0.695509414783145
3.57354674954467
0.695509414763387
11.0022630515397
-8.27046830620916
949.426376981722
11.9358489311504
0.695509414757306
-6.32629184072507
-953.246740284356
22.2440669894854
104.412653009148
35.1605009002167
9.68806163907834
41.8695093758235
22.2440669886505
-893.681935974339
22.2440669896348
9.68806163896852
50.1800891158963
9.68806163850947
104.412653009615
22.2440669901468
-953.246740275683
41.869509375841
9.68806163849251
35.1605009008247
-163478.319027709
12740.9392154702
25.8511735194644
-6.56058189013956
-3.15924918259866
9.98535728942439
-10.2119885133128
25.8511735270309
12709.6406282787
25.8511735309554
9.98535728932993
-23.3280878883612
9.98535728940985
-6.56058188879358
25.8511735273121
12740.9392155135
-10.211988513323
9.98535728938342
-3.1592491826022
-12865.2473453797
-9.8071973765556
-167.013797290374
-104.841708435007
-45.4830394032697
-110.650924585867
-9.80719738460368
-13022.6657001851
-9.80719738684927
-45.4830394031279
-169.283833152726
-45.4830394015613
-167.013797291759
-9.80719738278519
-12865.2473454241
-110.65092458593
-45.4830394016197
-104.841708436256
-1064401.73609634
255532.422770695
15.4593812869547
51.2306299963177
-75.1721272806279
29.0909908181644
47.1581238726211
15.4593809180868
255567.952546551
15.4593809215279
29.0909908186675
-56.3999878613391
29.0909908175477
51.2306299252882
15.4593811729029
255532.422770054
47.1581238723612
29.0909908186293
-75.1721272801717
-256673.143397773
-269.25151543033
2911.87006912945
-677.530727121929
-433.0427901304
2672.52535600567
-269.251515057249
-253558.521050631
-269.251515068059
-433.042790129583
2356.95265410024
-433.042790135794
2911.8700692021
-269.251515321317
-256673.143397122
2672.52535600831
-433.04279013486
-677.530727121287
-4385281.99897032
1411498.96102312
98.8760734990747
-64.537169852269
-90.7649554350553
69.1256781840971
-66.9584369745446
98.8760773736793
1411359.92410457
98.8760761537418
69.1256781857766
-208.456483102529
69.1256781886556
-64.5371691363722
98.8760742668532
1411498.96102123
-66.9584369750822
69.1256781839954
-90.7649554378231
-1396475.86076038
2986.02773300109
-19065.9534862432
15582.3688659727
2658.97045700811
-18717.911248785
2986.02772912228
-1419351.3970822
2986.02773039822
2658.97045700959
-6707.0216651319
2658.97045704978
-19065.9534869744
2986.02773228307
-1396475.8607586
-18717.9112488059
2658.97045705877
15582.3688659349
-26124010.1419691
6311710.78021811
-138.077642138024
213.665601969079
230.727210726858
-171.648291353467
225.610143888055
-138.077656206972
6312023.26145445
-138.077650107899
-171.648291363215
594.289435724801
-171.648291370184
213.665599246252
-138.07764544994
6311710.78023635
225.610143891159
-171.648291354773
230.72721073244
-6378004.73056757
-10809.875672509
70172.7132966388
-67715.6277386489
-9890.30392018138
68996.231463018
-10809.8756584507
-6290959.61644052
-10809.8756647559
-9890.30392020367
17401.7975416587
-9890.3039203474
70172.7132994492
-10809.875669408
-6378004.73058537
68996.231463106
-9890.30392039903
-67715.6277384705
6136.73098568036
840643.628191167
1176.51884059316
454.572888935297
-1.86074283275396
-4.77238716757081
0.552783325814676
0.727037536364047
-0.51248629368725
0.107393156018793
-0.258062486037907
-1.16674191778727
0.768534782486473
1.37525695107729
-1.8607428460649
-4.77238715102278
1178.75016252481
459.360787244656
-1.86074287323403
-4.77238716163662
-0.258062486154877
-1.16674191767503
0.469831733105172
2.3704383349223
-0.25806248625794
-1.1667419177934
0.55278332135458
0.727037535268672
-1.86074283815347
-4.77238717773276
1176.5188404941
454.572888882037
0.768534782564058
1.37525695100554
-0.258062486167631
-1.16674191767921
-0.512486293621768
0.107393155969664
-1323.94225379993
-486.734204628809
49.9447785713439
-65.7833140714693
183.202906455389
238.093816018698
-144.265614116442
-32.8230426780178
49.6741455498764
-63.3665595763081
179.020190576263
230.346899809457
49.9447785851172
-65.7833140879709
-1226.84191742883
-210.342356372381
49.9447786126022
-65.7833140759822
49.6741455502631
-63.3665595764221
-50.9867283643132
234.412444120957
49.6741455509199
-63.3665595752995
183.202906460468
238.093816020736
49.944778577736
-65.7833140602874
-1323.94225369922
-486.734204576224
179.020190576103
230.346899809801
49.6741455509966
-63.3665595752495
-144.265614116747
-32.8230426790946
-5.46931682500395
-0.268540622272902
-0.0383774716694914
0.0659060455569598
-0.148475339217223
-0.034656907788642
0.0675145233600212
-0.0383774716656701
-0.168414793785687
-0.038377471666135
-0.0346569077887468
-0.0501924913293417
-0.0346569077888487
0.0659060455549722
-0.0383774716693219
-0.26854062231688
0.0675145233600407
-0.0346569077887293
-0.148475339217153
-0.345749597799955
-0.135379323842955
0.280760453696538
0.300573839321076
0.0397895045865016
-0.0693393589241607
-0.135379323845708
0.132806329294899
-0.135379323845475
0.039789504586834
0.273663813386894
0.0397895045870632
0.280760453698123
-0.135379323842302
-0.34574959775659
-0.0693393589245207
0.039789504587293
0.300573839320711
-27.3198199690753
11.2122566921336
1.36189977322506
-3.02957741086613
4.20359845935751
1.40356296600089
-3.0227667402728
1.36189977301436
6.9696578091983
1.36189977306838
1.4035629660042
-0.0661080873856204
1.40356296600823
-3.02957741078688
1.36189977323928
11.212256694018
-3.02276674027335
1.40356296600314
4.20359845935576
15.0708270577162
6.65562161014489
-12.945289505642
0.381670283704846
-0.630846214029037
2.65058741947737
6.65562161031362
-7.19365894613679
6.65562161028289
-0.630846214039025
0.183338651033519
-0.630846214036934
-12.9452895057015
6.65562161011029
15.0708270558021
2.65058741949095
-0.630846214045597
0.381670283702029
-106.451253385944
56.8619952381451
6.72773295646339
-26.2997680750881
25.6381721437859
8.87140078816109
-25.7127676720436
6.72773295354387
24.6106997894294
6.72773295522292
8.87140078817586
-7.9410471110128
8.87140078820303
-26.299768074462
6.72773295688583
56.8619952565748
-25.7127676720417
8.87140078816447
25.6381721437786
105.164597475554
64.8216951345649
-117.91465761236
4.0512523871559
16.886305040316
14.2205516949006
64.8216951371752
-90.6632652950519
64.8216951359018
16.8863050402565
-17.1220250253946
16.886305040467
-117.914657612912
64.8216951342101
105.164597456575
14.2205516949488
16.8863050404206
4.05125238699362
-373.228938150565
-187.436851461664
31.6190800482129
-14.6456053180837
-44.8350206484769
42.284951545354
-16.8689521495824
31.6190800420938
-230.808161422074
31.6190800475677
42.2849515452457
-99.8522201039801
42.2849515452945
-14.6456053176978
31.619080050332
-187.436851435415
-16.868952149565
42.2849515452724
-44.8350206484914
-84.4671856468759
239.428136274795
-189.852076178256
4.35698515732087
10.4990160229016
-100.555854371351
239.428136280743
-458.797713313176
239.428136276405
10.4990160230092
-74.3440547895769
10.499016023752
-189.852076179004
239.428136273515
-84.4671856747294
-100.555854371392
10.4990160237192
4.35698515646417
-1210.33847311913
85.4903549665438
12.8008319077028
24.2662896683653
-17.7273990246211
3.17656292211796
24.4144585214353
12.8008319122292
98.5107071498721
12.8008319081137
3.17656292219471
3.96714766284537
3.17656292216171
24.266289668164
12.8008319059829
85.4903549480204
24.4144585214218
3.17656292217913
-17.727399024611
-139.29695416242
-33.3364250634738
191.323637983914
55.4247406326097
-40.1086971150994
65.1547729084941
-33.3364250679155
66.3463577438022
-33.3364250647485
-40.1086971151991
140.412595972521
-40.1086971158057
191.323637984386
-33.3364250624674
-139.296954142565
65.1547729085093
-40.1086971157847
55.4247406333434
-28775.9036697307
85.5871119412171
24.2619875104419
-29.4368513613121
7.53852689439137
6.68509554177851
-28.8285538397345
24.2619875281125
36.6596117480066
24.2619875156135
6.6850955418349
-25.0912035268677
6.68509554178207
-29.4368513639158
24.2619875080962
85.5871118429863
-28.8285538397124
6.68509554182457
7.53852689436797
-190.573313313853
-145.168556717906
3.08241668271136
-151.436523376711
-162.098282774066
151.279157076397
-145.168556735569
248.129143625869
-145.168556724897
-162.098282774304
439.393826051635
-162.098282775472
3.08241668644735
-145.168556716768
-190.573313212669
151.27915707694
-162.098282775562
-151.436523375873
-226149.550703988
-61.8147613197513
-28.9835649684842
33.6572921681741
-11.7750852048955
-8.58127228686819
35.5684622092862
-28.983565007432
-0.462390441781464
-28.9835649770541
-8.58127228702196
33.154862745211
-8.58127228681615
33.6572921835749
-28.9835649798744
-61.8147609266631
35.5684622092988
-8.58127228699923
-11.7750852048502
842.403404193136
-1081.14103117635
-94.2974731619636
853.143467848089
-1057.24916484131
-279.803227831822
-1081.14103113835
4022.6460445334
-1081.14103116624
-1057.24916484035
3817.89254097147
-1057.24916483942
-94.2974731793219
-1081.1410311624
842.403403795409
-279.803227832846
-1057.24916483837
853.143467846257
-1449592.23926827
12821.1472294593
-16.7806113523811
-186.70665498282
230.758498727715
-151.145015588236
-196.918996210965
-16.7806123837491
12651.6603747404
-16.7806127426182
-151.145015587196
173.578021248722
-151.145015594282
-186.706655922469
-16.7806104238619
12821.147219914
-196.918996211489
-151.145015585886
230.758498727719
163425.371182853
-397078.415288104
220505.199624693
174824.648235108
-396163.882031127
221531.853472545
-397078.415287065
771852.621487839
-397078.415286723
-396163.882031153
783434.742005164
-396163.882031145
220505.199625691
-397078.415289092
163425.371192491
221531.853472577
-396163.882031185
174824.648235143
2980.6598099643
9782.44997020691
-2.40306671680209
4.54855044746963
-0.409189971164602
0.159505361710722
-0.399682961403484
0.104268949018612
0.203460076661052
-0.173605194658118
-0.0826394531720379
-0.0311556061034427
-0.358779398293162
0.0792280188842769
-0.409189971198408
0.159505361716666
-2.44953448237672
4.50931587770021
-0.4091899711278
0.159505361578809
-0.0826394531788259
-0.0311556061085191
-0.0933418941053503
-0.0677200205531043
-0.0826394531738228
-0.0311556061028796
-0.399682961425463
0.104268948972996
-0.4091899711259
0.159505361736699
-2.40306671677365
4.54855044713482
-0.358779398297222
0.0792280188787318
-0.0826394531749125
-0.0311556061101947
0.203460076666187
-0.173605194652933
1.0837305807974
-6.80820205166291
-2.04496221676555
-2.73064332410639
-4.41694281982327
-1.39942670025033
-2.57300097114764
-1.18994431169759
-1.94495068687539
-2.37916571689281
-2.60592615608728
-1.78333893577305
-2.04496221671087
-2.73064332413458
-6.49218305703817
-11.5450612647465
-2.04496221677745
-2.73064332398595
-1.94495068686711
-2.37916571689199
-8.36657055134086
-6.61847331188393
-1.9449506868575
-2.37916571689053
-4.41694281982194
-1.39942670018296
-2.04496221679723
-2.73064332414826
1.08373058072732
-6.80820205136379
-2.60592615609675
-1.78333893576289
-1.94495068685158
-2.37916571689261
-2.57300097115625
-1.18994431171438
13461.2560517396
18439.1046252636
-21.2013316208774
5.17989973530345
-3.75660982710099
-0.580688472360602
4.73408785145019
2.46451911740915
-0.822138427592525
-0.418858172098034
-0.962343639298365
-0.208477539884671
4.82127977831149
2.67965612719677
-3.75660983028076
-0.580688473284341
-13.272996467323
8.15393201940771
-3.75660982783217
-0.580688472050297
-0.962343639322708
-0.208477539907934
4.68992585876475
2.43631647867111
-0.962343639343731
-0.208477539901787
4.73408785126384
2.46451911697392
-3.75660982609258
-0.580688471774627
-21.2013316109584
5.17989973246702
4.82127977830477
2.67965612719404
-0.962343639321856
-0.2084775399094
-0.822138427570554
-0.418858172078475
17.6591581261485
-13.7497949633696
27.742427116375
4.12871656413204
-17.4229835879246
-1.88073794506531
1.52361657661819
-5.98900678130689
29.9155131771975
4.8326091505385
-42.3962910031042
-15.9275202685099
27.7424271198982
4.12871656515283
-40.5736103008184
-29.4982159218378
27.7424271177188
4.12871656432646
29.9155131773628
4.83260915062102
-82.744635437873
-36.356193593455
29.9155131775274
4.8326091508106
-17.4229835882064
-1.88073794476906
27.7424271157027
4.12871656382492
17.6591581155872
-13.7497949614134
-42.3962910033538
-15.9275202685727
29.9155131775985
4.83260915084844
1.52361657646615
-5.98900678163212
90401.3598442818
866388.688463076
-4566.25067510745
-1618.75666490975
18.6682495281132
23.9745524056263
-15.4217581003969
0.300616595935336
6.8066792965988
-5.23529137508565
3.99620505596877
7.19251560687098
-17.2546853401734
-2.4677567492292
18.668249657611
23.9745523772833
-4598.23858535159
-1638.29729665205
18.6682497131593
23.9745523519491
3.99620505612252
7.19251560647473
-13.7505423175537
-12.9821643894086
3.9962050567155
7.19251560702256
-15.4217581017619
0.300616619086709
18.6682495142685
23.9745524424762
-4566.25067538221
-1618.75666399538
-17.2546853403614
-2.46775674878082
3.99620505630417
7.19251560641638
6.80667929634359
-5.23529137491379
3390.5126530767
939.58690213663
553.332095240925
611.746929059232
-71.9875370753613
-846.709279204082
-1217.67890113733
-646.911342318607
547.376832214044
591.403185512137
18.9093134003267
-831.203026649529
553.332095112158
611.746929087257
3318.85493298299
-50.3103009720176
553.332095050836
611.746929114504
547.376832212529
591.40318551233
-1194.65660591813
-1608.61508387963
547.376832209477
591.403185514336
-71.9875370758677
-846.709279227621
553.33209524906
611.746929025629
3390.51265335431
939.586901225324
18.9093134006151
-831.203026650943
547.376832208437
591.403185514174
-1217.67890113315
-646.911342319436
134415.652498952
885913.064172643
5464.92030549835
2414.94920296236
-26.204023463652
-32.8299070022272
23.39003711603
-4.58344057787127
-9.82291676237454
8.94450357446661
-5.99334352388413
-9.66325588244562
25.908299107354
-0.605865259296439
-26.2040236873452
-32.8299069327822
5511.48821767937
2437.45269080893
-26.2040237309787
-32.829906953221
-5.99334352422392
-9.66325588198246
20.9809162869139
15.3518668965242
-5.99334352498201
-9.66325588281314
23.3900371070029
-4.58344061640088
-26.2040234272043
-32.8299070450146
5464.92030574539
2414.94920136664
25.9082991076503
-0.605865259877739
-5.99334352440029
-9.6632558818683
-9.82291676195407
8.9445035742795
-3964.80358877482
-2478.88479687254
-778.390038545393
26.6777432698807
263.704363158187
1254.73923391228
1560.64281857738
-119.049156151388
-767.664733448113
53.3901518469864
127.454612159683
1253.88896783911
-778.390038323083
26.6777432026061
-3867.76120144883
-1681.54068006064
-778.390038273733
26.6777432198881
-767.664733445846
53.3901518466671
1514.44840104863
661.318044218683
-767.664733443566
53.3901518447967
263.704363168217
1254.73923395251
-778.390038576008
26.6777433083706
-3964.80358902545
-2478.88479527724
127.45461215923
1253.88896784127
-767.664733442354
53.3901518445839
1560.6428185733
-119.049156150021
3495776.9316808
1676122.94005115
39303.4729739244
52583.3725888694
646.660452349556
736.243031953036
-91.2600754305978
-512.717642759075
18.159887460536
282.111069915107
203.857337079327
131.600079307577
-131.583493486041
-564.971840039188
646.660444634725
736.24302335619
38662.6954685633
51464.3540952741
646.660445408429
736.243024172382
203.857337069835
131.600079301285
-265.600429344389
-345.014042728096
203.857337063221
131.600079279721
-91.2600790819702
-512.717647523139
646.660453380936
736.243036014724
39303.4729818151
52583.3725773717
-131.583493482452
-564.971840036835
203.857337073471
131.60007930694
18.1598874694258
282.111069923596
-577493.125879781
-1105259.89390401
917440.806373367
1755654.53087302
-438769.74851513
-876027.295724702
-538301.549120098
-1054414.81186215
916831.354181568
1755579.89053937
-438050.227422166
-873058.812827595
917440.806381084
1755654.53088162
-1820338.6257874
-3307440.67994423
917440.806380312
1755654.5308808
916831.354181517
1755579.89053928
-1780039.37378177
-3253850.4445452
916831.354181532
1755579.89053933
-438769.748511402
-876027.295719757
917440.806372227
1755654.53086876
-577493.12588753
-1105259.89389225
-438050.227422078
-873058.812827457
916831.354181435
1755579.89053916
-538301.549120033
-1054414.81186205
4560597.9043249
5557710.42028529
-19610.6268528519
49666.9114246559
-404.184075343878
466.197596705807
184.163334506423
30.0796720772918
-83.9348703593258
55.4576723652956
-108.868022852455
83.2005100239651
211.006879168744
-1.19461603891733
-404.184070930996
466.197588257334
-19087.7023447696
49294.1083767629
-404.184072493166
466.197587421871
-108.868022848792
83.2005100133485
200.505813968546
-3.31202968325021
-108.868022840189
83.2005100094367
184.163336367309
30.079667973294
-404.184077200244
466.197596090084
-19610.6268468892
49666.9114399089
211.006879167395
-1.19461603542788
-108.868022849653
83.2005100180067
-83.9348703650211
55.4576723732587
436993.64356564
62107.3362186507
-701402.235569342
-291625.250715737
333931.085418521
192619.704406298
417900.200216986
111432.532773088
-701135.60493666
-291671.711697489
332815.082603798
192657.144972736
-701402.235573762
-291625.250707287
1363007.20618871
455548.994810256
-701402.23557222
-291625.250706496
-701135.60493662
-291671.711697533
1342684.04236
504863.510999904
-701135.604936652
-291671.711697555
333931.085416591
192619.704410465
-701402.235567417
-291625.250715247
436993.6435596
62107.3362035879
332815.082603737
192657.144972813
-701135.604936578
-291671.711697637
417900.200216958
111432.532773183
-6.08935384474985
0.387290092803346
0.0527757157559127
-0.0944257204834444
0.194623577287448
0.048632742541738
-0.0957697681046708
0.0527757157504732
0.245850038074681
0.0527757157511369
0.0486327425418824
0.0556878211153627
0.0486327425420254
-0.0944257204806446
0.0527757157556874
0.387290092865232
-0.0957697681046989
0.0486327425418574
0.194623577287352
0.486493094936366
0.190712292992643
-0.398759677410665
-0.325433577210534
-0.0561735276120554
0.0969214796351445
0.190712292996585
-0.191413542355076
0.190712292996268
-0.0561735276125159
-0.288696487525968
-0.0561735276128265
-0.398759677412882
0.190712292991728
0.486493094875187
0.0969214796356452
-0.0561735276131516
-0.325433577210066
-31.4714792993533
-23.4570243149614
-2.85243139590399
6.53612815038581
-8.9035735137228
-2.97893179417711
6.51489537048336
-2.85243139543112
-14.3804868834374
-2.85243139556659
-2.978931794184
0.258115059013564
-2.97893179419252
6.53612815021697
-2.85243139594189
-23.4570243190485
6.51489537048433
-2.97893179418156
-8.90357351371928
-32.3203753432162
-14.6175514816742
28.0065326408329
-0.91603715296513
0.885372619602415
-5.60032629739406
-14.6175514820577
15.9298910544395
-14.617551481977
0.885372619623206
-0.0410295801424228
0.885372619614456
28.0065326409597
-14.6175514815974
-32.3203753390585
-5.60032629742231
0.885372619632719
-0.916037152957062
-128.967441829043
-27.0907099152017
-3.06088997861282
14.9242340808193
-13.4600291319249
-4.60311639084969
14.4179703423063
-3.06088997686722
-9.47283754842141
-3.06088997793568
-4.60311639085635
5.03435065728618
-4.60311639087095
14.9242340804728
-3.06088997887728
-27.0907099257644
14.417970342305
-4.60311639085024
-13.460029131921
-56.3270957282289
-37.110919660718
66.7995779043425
-0.480821251703892
-11.8086769505688
-7.11574174230457
-37.1109196622958
53.6290630770043
-37.1109196614733
-11.8086769505382
13.1359463155306
-11.8086769506727
66.7995779046611
-37.1109196605143
-56.3270957173261
-7.1157417423237
-11.8086769506492
-0.480821251597104
-467.924429451261
-64.3623298772685
8.56113384008695
23.1384692306905
-29.8763152456771
8.36094057297648
23.4556042828238
8.56113384300722
-48.9785637092292
8.56113384102742
8.36094057295281
-14.0058481688514
8.36094057294172
23.1384692302178
8.561133839694
-64.362329892961
23.455604282822
8.36094057296871
-29.8763152456728
-131.126428565832
-1.03261835326336
96.5490331836546
-11.3991500978411
-43.9892926099218
-24.8394571660277
-1.03261835597697
-15.8107658646703
-1.0326183544259
-43.9892926098739
21.5108410707689
-43.9892926101358
96.5490331841194
-1.03261835304719
-131.126428549506
-24.8394571660169
-43.989292610116
-11.3991500976395
-6941.6649670793
72.3540317447104
0.665000637306515
9.53143505636807
-2.90984932587396
0.109965600631307
9.29448902634982
0.665000633166561
81.5728024256751
0.665000636100028
0.109965600651239
6.5747842942437
0.109965600647835
9.53143505618463
0.665000638260416
72.3540317565141
9.29448902633811
0.109965600619691
-2.90984932584839
-50.8195430846818
40.9330043329593
20.021562986813
39.4641770547099
40.9204272906983
-27.7170779539119
40.933004337116
-95.524330834476
40.9330043349123
40.9204272907736
-54.4635345157329
40.9204272911811
20.021562986817
40.9330043324712
-50.819543097812
-27.7170779540448
40.9204272912291
39.4641770542497
-253670.654055348
388.711224108058
-3.63874792019121
-5.64455450478557
1.00134819776317
-1.04026272815666
-6.74780051594216
-3.63874787525292
385.786463800094
-3.63874788885625
-1.04026272814363
-5.26082751724134
-1.04026272761481
-5.64455448439419
-3.63874793580321
388.711224197879
-6.74780051569819
-1.04026272802667
1.00134819740413
746.694441097374
-300.135733098485
-413.511035473256
1129.23563399173
-297.364669213268
-377.577505669448
-300.13573314756
613.211104906991
-300.135733132356
-297.364669214353
1031.4133358225
-297.364669213748
-413.511035492365
-300.135733082986
746.694441005343
-377.577505668077
-297.364669213979
1129.23563399093
-1688343.52429348
-1582491.94863339
9983.62218553748
4793.81617736093
333.248395626084
2157.44957068849
4358.52684619449
9983.62209052872
-1585951.93598664
9983.6222313549
2157.44957025742
3279.66273508461
2157.44957013797
4793.81616294854
9983.62220444353
-1582491.94859981
4358.52684634972
2157.44957037363
333.248395871028
940632.697833438
3243.76865016184
-26750.4426644274
-643912.635432367
-66.2179376426619
-48812.665912934
3243.76874774021
926282.88675335
3243.76860442838
-66.2179369634787
-679877.42577986
-66.2179382636876
-26750.4426519622
3243.76863016643
940632.697800884
-48812.6659130709
-66.2179389064438
-643912.63543094
-2429350.46587343
2053214.1794826
-13046.5242668247
-9602.98306798948
4083.57052732454
-2791.67209561862
-8897.2151756152
-13046.524161447
2054478.5985395
-13046.5243523945
-2791.67209510382
-2944.35363575709
-2791.67209503692
-9602.98306376759
-13046.5242884362
2053214.17954117
-8897.21517584106
-2791.67209523065
4083.57052705226
26797894.9268986
104652.901195553
-28152686.6524661
28825947.2719017
108807.889848187
-28107467.4513508
104652.901087211
-1488983.92104418
104652.901280876
108807.889847566
583636.971920051
108807.889848986
-28152686.6524681
104652.901218596
26797894.9268394
-28107467.4513507
108807.889849841
28825947.2719001
8359.70985685149
818665.2628851
315.522127873076
272.503892152708
-0.87980581025329
-2.98766208744952
0.821582081949118
-0.350247935366047
-0.203205457890683
0.39592785655039
-0.243365639967346
-0.707948399094005
0.855393672878168
0.0674281338509264
-0.879805827150096
-2.98766206875517
317.123043488388
274.677302106855
-0.879805836084913
-2.98766208847725
-0.243365640064897
-0.707948399053692
0.850543645411472
0.982451785079582
-0.243365640112692
-0.707948399125281
0.821582078412466
-0.35024793872618
-0.879805809085873
-2.98766209540629
315.522127768225
272.503892056524
0.855393672935498
0.0674281338051543
-0.243365640065522
-0.707948399047775
-0.203205457820651
0.395927856543941
-506.380378057634
-703.658715570054
87.6881404361318
150.496563136433
140.663880853589
360.950362184941
-189.60615424029
-433.594421588456
88.3078865282613
151.87108368238
136.214763221386
360.184640700251
87.6881404532104
150.496563118089
-497.824771193116
-482.549873324024
87.6881404618875
150.496563138093
88.3078865285054
151.871083682397
-185.942542888401
-213.92616794916
88.3078865284158
151.871083682873
140.663880856995
360.950362188974
87.6881404350756
150.496563144755
-506.380377952065
-703.658715473393
136.214763221349
360.184640700295
88.3078865284834
151.871083682894
-189.606154240084
-433.594421588727
1669034.86465094
717963.755862378
-208424.874786329
-626042.742756311
1459.29241127163
4084.37472662421
2408.34322243149
2816.63589765183
-2208.24914913047
-809.983623810186
308.04342105242
885.428325161615
2276.49135641343
2617.6391267461
1459.29240895064
4084.37469042913
-207259.10074916
-626607.369401088
1459.29243043556
4084.37474577359
308.043421012283
885.428324988568
-154.226095864446
1223.27362190014
308.043421035011
885.428324946244
2408.34322600895
2816.63589108471
1459.29241239284
4084.37473359972
-208424.874816171
-626042.742727114
2276.49135644665
2617.63912681239
308.043421019711
885.428325036968
-2208.24914911834
-809.983623717029
-14685651.7807261
-4590706.35419873
-48395.8844138876
-7165.35263650651
14876058.0380503
4956563.51648491
-14880470.033757
-5211758.20142934
-48834.6705396914
-8536.74286099429
14864439.2698714
4943250.98258051
-48395.8844113935
-7165.35259934854
243831.520261718
378542.420266549
-48395.8844330423
-7165.35265572701
-48834.6705397029
-8536.74286072358
37522.7181474731
-255602.423554155
-48834.6705398007
-8536.742861286
14876058.0380465
4956563.51649067
-48395.8844151805
-7165.35264394584
-14685651.7806964
-4590706.35422752
14864439.2698714
4943250.98258045
-48834.670539888
-8536.7428615371
-14880470.0337569
-5211758.20142874
1548800.61138135
2434052.48842818
-21760.9933062985
-52701.3622546588
36.9935808326554
393.400980121248
-37.5931169387071
405.851246463339
10.6586090228355
-285.092935650946
8.32622046917875
85.6859455726056
-40.7709654889704
376.761274919421
36.9935809262533
393.400980844774
-21832.0105824402
-52625.8474234562
36.9935834152942
393.400985665327
8.32622046769037
85.6859455586387
-36.8524000273113
31.840225174528
8.32622047124713
85.6859455603475
-37.593115275016
405.851246572261
36.9935813530838
393.400980770036
-21760.9933232997
-52701.3622577525
-40.7709654874576
376.761274927439
8.32622046673323
85.6859455633695
10.6586090238401
-285.092935644852
556024.242085374
-2592102.25584713
-3080.53390605904
-5349.87411498328
-530944.700210188
2628849.12866923
534197.573372215
-2643046.95412114
-3094.84419764004
-5484.44628116668
-530731.073891026
2626933.48092987
-3080.53390612736
-5349.87411563105
28504.5401115007
42285.3048909382
-3080.53390858474
-5349.87412054077
-3094.84419764975
-5484.44628115104
6899.60384639297
-10536.7332117279
-3094.84419762502
-5484.44628120361
-530944.70021184
2628849.12866905
-3080.53390657462
-5349.87411568146
556024.24210232
-2592102.25584403
-530731.073891018
2626933.48092987
-3094.84419763281
-5484.44628122152
534197.573372194
-2643046.95412109
1372430.03577639
4149321.22872181
2669.29442973883
-15377.2107095849
-32.1971343067187
48.1159159838808
-42.3778599187162
20.8289842880435
35.3040476426307
-20.3392277474613
-9.42048248481756
13.9781061272577
-39.0537943229026
17.6202311149872
-32.1971354550973
48.1159161320872
2653.54435413906
-15396.4084205961
-32.1971352394754
48.115917496402
-9.420482483057
13.9781061252926
3.2888363728522
-12.9189696265395
-9.42048248364842
13.9781061257217
-42.3778598932423
20.8289850096254
-32.1971345067198
48.1159163737482
2669.29442880495
-15377.2107164208
-39.0537943237728
17.6202311159434
-9.42048248451988
13.9781061250718
35.3040476423598
-20.3392277465962
304729.537460435
97949.4443325299
-557.717395555349
-685.438216231797
-305308.020543755
-83849.1542231903
307181.298092914
82697.5583304899
-531.868116958526
-723.451532090331
-305109.759702318
-83936.8962396634
-557.717394413735
-685.438216360487
397.977411047634
14418.3021053392
-557.717394613343
-685.43821772304
-531.868116962775
-723.451532088653
3031.25686323014
-898.503190179801
-531.868116951213
-723.451532083351
-305308.02054377
-83849.1542239197
-557.717395350003
-685.438216616858
304729.537461364
97949.4443393429
-305109.759702315
-83936.8962396643
-531.868116952774
-723.45153208548
307181.298092908
82697.5583304837
-11.3900807719625
-0.340851242008801
-0.0442387624927201
0.0841967825816502
-0.15123484196869
-0.0423553973056353
0.0845417921933034
-0.0442387624876605
-0.217290870111082
-0.0442387624883779
-0.0423553973057458
-0.029086556014889
-0.0423553973058678
0.0841967825792569
-0.0442387624926698
-0.340851242062032
0.0845417921933288
-0.0423553973057229
-0.15123484196862
-0.434389685915867
-0.177122500474158
0.352017126072895
0.156626425770153
0.0396210046663795
-0.0847092803562917
-0.177122500477954
0.17269529106835
-0.177122500477646
0.0396210046667316
0.134627750902226
0.0396210046669149
0.352017126074747
-0.177122500473339
-0.434389685862504
-0.0847092803567113
0.0396210046671898
0.156626425769999
-90.2926659163514
-32.5498800577049
-3.75000157549148
13.7176936224343
-14.2937617412654
-4.82405476362533
13.3621795639359
-3.75000157406704
-15.5146775034234
-3.75000157483705
-4.82405476363413
3.3470791689603
-4.82405476364871
13.7176936221075
-3.75000157568983
-32.549880067051
13.3621795639352
-4.82405476362811
-14.2937617412613
-57.1341426208742
-33.3715963412008
60.2488404969802
-1.60980806770299
-7.39710395635686
-8.36752824187036
-33.3715963424613
44.1657412605177
-33.371596341887
-7.39710395632426
8.02728574919762
-7.39710395642017
60.2488404972582
-33.37159634102
-57.1341426112682
-8.36752824190135
-7.39710395639402
-1.60980806763102
-809.199602426765
-9.53384293377227
-5.30305174239077
-19.0992459956855
12.1302254224695
-0.577451558636846
-18.31957901017
-5.30305174561179
-23.9178221780637
-5.3030517429574
-0.577451558660027
-5.70586811729169
-0.577451558641232
-19.0992459954131
-5.30305174146235
-9.53384291923997
-18.3195790101626
-0.577451558659864
12.130225422463
86.7612127464805
43.0088974195945
-103.131895202614
2.48426883784573
41.263942798395
-9.35095174748334
43.008897422698
-56.8077670518954
43.0088974206384
41.26394279842
-45.5676047748213
41.2639427987968
-103.131895202999
43.0088974190577
86.7612127310958
-9.35095174749289
41.2639427987805
2.48426883743789
-3722.3104551771
75.351181911164
7.91742515550742
5.17740058027031
-3.7506200180872
1.69976014557129
4.45548938907192
7.91742515671217
73.4968393460688
7.91742515501913
1.69976014563252
-0.768949729875276
1.69976014562347
5.17740058026655
7.91742515478026
75.3511819069081
4.45548938906181
1.69976014560898
-3.75062001808058
303.296457834283
354.816047570474
429.274817445316
401.757925083698
352.260019861452
406.998722175448
354.816047569155
345.807769729709
354.816047570573
352.260019861379
424.042665072603
352.260019861123
429.274817445544
354.816047570841
303.296457838917
406.998722175508
352.26001986111
401.757925083985
-12599.2504305736
-205.918268703312
4.71928065344731
12.0902985647391
26.2116893324472
18.0183083893041
13.8896569454332
4.7192806548194
-198.517932517307
4.7192806568885
18.0183083893077
23.5502574133531
18.0183083892246
12.0902985657087
4.71928065326185
-205.918268699803
13.8896569455651
18.0183083893487
26.2116893323357
16578.6192294446
17014.3987751583
16317.998966454
16211.1917657958
16908.0942127733
16244.505032622
17014.3987751574
17922.3375674758
17014.398775155
16908.0942127732
17578.7094489128
16908.0942127736
16317.9989664527
17014.3987751589
16578.6192294422
16244.5050326218
16908.0942127736
16211.1917657958
-40940.3445605585
1247.24013893386
57.4059497060463
-12.0203786720876
-20.5158575440743
1.87319991909987
-20.6410037598929
57.4059496910539
1186.78972171983
57.4059496851671
1.87319991837951
-40.0648884234353
1.8731999189802
-12.0203786792158
57.4059497140686
1247.24013891455
-20.6410037605873
1.87319991850382
-20.5158575433464
-51997.0441617302
-52149.5611310722
-50872.5335043858
-50623.3909712205
-52103.6973222403
-50757.3697150349
-52149.5611310555
-55484.7785311577
-52149.5611310468
-52103.6973222394
-54051.1200253343
-52103.6973222407
-50872.533504378
-52149.5611310801
-51997.044161717
-50757.3697150338
-52103.6973222403
-50623.3909712211
25038.0533417048
23545.3594458278
-323.261317564407
130.64252108349
-19.1897020423275
15.4932027477976
-1.98007388015946
5.28868095026923
2.26690717566965
13.5398801013554
-4.52286549875453
12.503530310288
0.238486247007165
4.6563742496938
-19.1897020387407
15.493202745003
-308.986796407066
122.136770673337
-19.1897020372426
15.4932027457389
-4.52286549854518
12.503530310156
5.67609605258579
7.06537247567891
-4.52286549872741
12.50353031018
-1.98007387802616
5.28868094970747
-19.1897020437961
15.4932027497398
-323.261317557967
130.642521084246
0.238486247240878
4.65637424971899
-4.52286549857024
12.5035303102049
2.26690717543788
13.5398801013939
20925.7294306303
14491.0229769702
21212.1493386205
15291.5419759006
20635.9804462471
14554.1570978863
20588.5000567421
14538.2364940276
21220.8282854193
15229.991875993
20632.5308859368
14530.754485922
21212.1493386166
15291.5419759044
22295.5534086777
15739.6777585695
21212.1493386147
15291.5419759041
21220.8282854189
15229.9918759931
21951.5920750608
15818.2796541686
21220.8282854197
15229.9918759932
20635.980446245
14554.1570978868
21212.1493386222
15291.5419758992
20925.7294306259
14491.0229769694
20632.5308859366
14530.754485922
21220.8282854194
15229.9918759932
20588.5000567421
14538.2364940275
25942.0878914036
54096.5437933057
-169.471709612189
-15.8558583543977
-10.3561293282114
-2.27464036695386
2.27199585418713
-2.81478227299462
-2.20620931624834
0.0938309125912206
-3.45519481717832
-1.29267829271253
3.39996786639768
-2.75222541746487
-10.3561293261278
-2.27464036696756
-158.197884880386
-16.7319223665864
-10.3561293259617
-2.27464036699939
-3.45519481706521
-1.29267829268229
4.04188861185371
-1.60090039089535
-3.45519481710947
-1.29267829269762
2.2719958549477
-2.8147822726838
-10.3561293297822
-2.27464036630284
-169.471709609326
-15.8558583535737
3.39996786641494
-2.75222541743503
-3.45519481708142
-1.29267829267152
-2.20620931632013
0.0938309125504301
-3230.99004534833
3314.64515497201
-3597.35003051622
3392.19412804118
-3354.83035037627
3299.83738144423
-3386.86770209188
3298.21113643253
-3586.41620305473
3397.88461452038
-3373.50801808573
3313.9810525485
-3597.35003051908
3392.19412804114
-3535.00861594011
3470.94687624012
-3597.35003051947
3392.19412804172
-3586.41620305494
3397.88461452016
-3718.11150283895
3464.07926021516
-3586.41620305478
3397.88461452087
-3354.83035037693
3299.83738144427
-3597.35003051496
3392.194128041
-3230.99004535077
3314.64515497156
-3373.50801808569
3313.98105254862
-3586.41620305493
3397.88461452069
-3386.86770209174
3298.21113643218
21483.2995485107
91770.6809543493
-13.3432765043483
-51.1696235104515
-0.820497181327384
-4.15523981261257
0.798063022883677
1.86485984134412
-0.185340435000369
-0.728910544729655
-0.105132232267691
-1.09725081562397
0.959196928983717
2.3465964143876
-0.820497181197787
-4.15523981244833
-11.8413210130724
-45.713685740818
-0.820497180710833
-4.15523981257538
-0.10513223227332
-1.09725081559257
0.841810241993909
2.48232922413483
-0.105132232273904
-1.0972508156076
0.798063023030403
1.86485984148571
-0.820497181991957
-4.15523981328901
-13.3432765043744
-51.1696235079502
0.959196929000402
2.34659641438813
-0.105132232280859
-1.09725081558631
-0.185340434996311
-0.728910544752303
-216.221904650188
-252.2697111052
-247.91479997513
-327.78879903586
-233.413226425466
-285.766301001445
-228.423164550017
-298.947989026423
-248.087501358924
-325.183082176512
-238.52547013002
-298.360520578471
-247.914799975149
-327.788799036257
-216.049022647107
-282.045764665094
-247.914799975981
-327.788799036151
-248.087501358797
-325.183082176648
-233.077346022207
-343.054877933779
-248.087501359099
-325.183082176556
-233.413226425814
-285.766301001455
-247.914799974613
-327.788799035401
-216.221904650178
-252.26971110749
-238.525470130151
-298.360520578381
-248.087501358982
-325.183082176694
-228.423164549878
-298.947989026306
0.0426108702978659
-5.95104830513854E-10
-2.33826353879575E-10
-0.0426070128735971
-6.45083744899019E-7
-1.63813126246001E-7
0.0426165107502358
-5.95104377456687E-10
-6.4508374491486E-7
-0.0426097838600423
-6.45083744910052E-7
0.0426108702978659
-1.63813126172852E-7
-6.45083744754715E-7
-0.0426070128735971
0.0868821969579082
-0.00997927921373591
-0.00349930077507042
0.0897718183237895
-0.009979279213736
0.0868821969579082
